Date,Open,High,Low,Close,Adj Close,Volume,Stocks_Name,Dividends,Stock splits,Company_Name
2002-07-01,9.0,9.0,8.699999809265137,8.699999809265137,6.124548435211182,440,PONNIERODE,,,Ponni Sugars (Erode) Limited
2002-07-02,8.300000190734863,9.0,8.25,9.0,6.335738182067871,605,PONNIERODE,,,Ponni Sugars (Erode) Limited
2002-07-03,9.5,9.5,8.600000381469727,8.600000381469727,6.05415153503418,128,PONNIERODE,,,Ponni Sugars (Erode) Limited
2002-07-04,9.399999618530272,10.350000381469728,9.399999618530272,10.350000381469728,7.286102294921875,1094,PONNIERODE,,,Ponni Sugars (Erode) Limited
2002-07-05,11.800000190734863,12.449999809265137,11.0,12.199999809265137,8.588448524475098,2069,PONNIERODE,,,Ponni Sugars (Erode) Limited
2002-07-08,12.5,13.449999809265137,12.0,12.300000190734863,8.658844947814941,2462,PONNIERODE,,,Ponni Sugars (Erode) Limited
2002-07-09,12.100000381469728,12.449999809265137,12.0,12.0,8.447652816772461,4441,PONNIERODE,,,Ponni Sugars (Erode) Limited
2002-07-10,11.5,12.0,11.5,12.0,8.447652816772461,501,PONNIERODE,,,Ponni Sugars (Erode) Limited
2002-07-11,12.0,12.0,11.0,11.0,7.743680477142334,288,PONNIERODE,,,Ponni Sugars (Erode) Limited
2002-07-12,10.25,11.0,10.0,10.0,7.039711952209473,1400,PONNIERODE,,,Ponni Sugars (Erode) Limited
2002-07-15,10.0,10.25,9.100000381469728,9.25,6.51173210144043,271,PONNIERODE,,,Ponni Sugars (Erode) Limited
2002-07-16,8.600000381469727,8.600000381469727,8.600000381469727,8.600000381469727,6.05415153503418,60,PONNIERODE,,,Ponni Sugars (Erode) Limited
2002-07-17,8.25,8.25,7.75,8.0,5.631768226623535,7325,PONNIERODE,,,Ponni Sugars (Erode) Limited
2002-07-18,7.900000095367432,8.800000190734863,7.75,8.0,5.631768226623535,1160,PONNIERODE,,,Ponni Sugars (Erode) Limited
2002-07-19,8.699999809265137,8.800000190734863,7.5,8.0,5.631768226623535,3080,PONNIERODE,,,Ponni Sugars (Erode) Limited
2002-07-22,7.300000190734863,7.650000095367432,7.300000190734863,7.650000095367432,5.385378360748291,238,PONNIERODE,,,Ponni Sugars (Erode) Limited
2002-07-23,7.650000095367432,7.650000095367432,7.650000095367432,7.650000095367432,5.385378360748291,0,PONNIERODE,,,Ponni Sugars (Erode) Limited
2002-07-24,7.550000190734863,8.350000381469727,7.0,7.0,4.927797794342041,7301,PONNIERODE,,,Ponni Sugars (Erode) Limited
2002-07-25,6.900000095367432,6.900000095367432,6.900000095367432,6.900000095367432,4.857399940490723,1,PONNIERODE,,,Ponni Sugars (Erode) Limited
2002-07-26,7.300000190734863,7.300000190734863,7.0,7.0,4.927797794342041,600,PONNIERODE,,,Ponni Sugars (Erode) Limited
2002-07-29,6.449999809265137,6.449999809265137,6.449999809265137,6.449999809265137,4.540613651275635,100,PONNIERODE,,,Ponni Sugars (Erode) Limited
2002-07-30,6.5,7.099999904632568,6.5,7.099999904632568,4.998193740844727,120,PONNIERODE,,,Ponni Sugars (Erode) Limited
2002-07-31,7.099999904632568,7.099999904632568,7.099999904632568,7.099999904632568,4.998193740844727,0,PONNIERODE,,,Ponni Sugars (Erode) Limited
2002-08-01,7.099999904632568,7.099999904632568,7.099999904632568,7.099999904632568,4.998193740844727,0,PONNIERODE,,,Ponni Sugars (Erode) Limited
2002-08-02,6.650000095367432,7.699999809265137,6.650000095367432,7.699999809265137,5.420577526092529,185,PONNIERODE,,,Ponni Sugars (Erode) Limited
2002-08-05,7.199999809265137,7.199999809265137,7.199999809265137,7.199999809265137,5.068591594696045,160,PONNIERODE,,,Ponni Sugars (Erode) Limited
2002-08-06,7.199999809265137,7.199999809265137,7.199999809265137,7.199999809265137,5.068591594696045,0,PONNIERODE,,,Ponni Sugars (Erode) Limited
2002-08-07,7.349999904632568,7.550000190734863,7.300000190734863,7.550000190734863,5.314981460571289,320,PONNIERODE,,,Ponni Sugars (Erode) Limited
2002-08-08,7.550000190734863,7.550000190734863,7.550000190734863,7.550000190734863,5.314981460571289,0,PONNIERODE,,,Ponni Sugars (Erode) Limited
2002-08-09,7.050000190734863,8.199999809265137,7.050000190734863,8.199999809265137,5.772562980651856,1301,PONNIERODE,,,Ponni Sugars (Erode) Limited
2002-08-12,7.599999904632568,8.0,7.599999904632568,8.0,5.631768226623535,81,PONNIERODE,,,Ponni Sugars (Erode) Limited
2002-08-13,8.699999809265137,8.699999809265137,8.699999809265137,8.699999809265137,6.124548435211182,250,PONNIERODE,,,Ponni Sugars (Erode) Limited
2002-08-14,8.699999809265137,8.699999809265137,8.699999809265137,8.699999809265137,6.124548435211182,100,PONNIERODE,,,Ponni Sugars (Erode) Limited
2002-08-15,8.699999809265137,8.699999809265137,8.699999809265137,8.699999809265137,6.124548435211182,0,PONNIERODE,,,Ponni Sugars (Erode) Limited
2002-08-16,9.100000381469728,9.149999618530272,8.75,8.75,6.159746170043945,367,PONNIERODE,,,Ponni Sugars (Erode) Limited
2002-08-19,8.5,8.600000381469727,8.300000190734863,8.300000190734863,5.842958927154541,778,PONNIERODE,,,Ponni Sugars (Erode) Limited
2002-08-20,7.550000190734863,7.800000190734863,7.550000190734863,7.599999904632568,5.350180149078369,1000,PONNIERODE,,,Ponni Sugars (Erode) Limited
2002-08-21,7.199999809265137,7.199999809265137,7.199999809265137,7.199999809265137,5.068591594696045,8,PONNIERODE,,,Ponni Sugars (Erode) Limited
2002-08-22,7.199999809265137,7.199999809265137,7.199999809265137,7.199999809265137,5.068591594696045,0,PONNIERODE,,,Ponni Sugars (Erode) Limited
2002-08-23,6.5,7.25,6.5,7.25,5.103791236877441,285,PONNIERODE,,,Ponni Sugars (Erode) Limited
2002-08-26,7.050000190734863,7.5,7.050000190734863,7.25,5.103791236877441,800,PONNIERODE,,,Ponni Sugars (Erode) Limited
2002-08-27,7.050000190734863,8.0,6.800000190734863,7.650000095367432,5.385378360748291,2900,PONNIERODE,,,Ponni Sugars (Erode) Limited
2002-08-28,7.25,8.0,7.25,7.800000190734863,5.490973949432373,440,PONNIERODE,,,Ponni Sugars (Erode) Limited
2002-08-29,7.099999904632568,7.300000190734863,6.900000095367432,7.300000190734863,5.138988971710205,4200,PONNIERODE,,,Ponni Sugars (Erode) Limited
2002-08-30,6.599999904632568,7.0,6.599999904632568,6.949999809265137,4.892598628997803,1400,PONNIERODE,,,Ponni Sugars (Erode) Limited
2002-09-02,6.199999809265137,7.0,6.199999809265137,7.0,4.927797794342041,1171,PONNIERODE,,,Ponni Sugars (Erode) Limited
2002-09-03,6.800000190734863,6.800000190734863,6.75,6.800000190734863,4.787003040313721,160,PONNIERODE,,,Ponni Sugars (Erode) Limited
2002-09-04,5.849999904632568,5.849999904632568,5.849999904632568,5.849999904632568,4.118231296539307,1,PONNIERODE,,,Ponni Sugars (Erode) Limited
2002-09-05,6.25,6.25,6.25,6.25,4.399819374084473,30,PONNIERODE,,,Ponni Sugars (Erode) Limited
2002-09-06,7.050000190734863,7.050000190734863,7.050000190734863,7.050000190734863,4.962996959686279,36,PONNIERODE,,,Ponni Sugars (Erode) Limited
2002-09-09,7.050000190734863,7.050000190734863,7.050000190734863,7.050000190734863,4.962996959686279,0,PONNIERODE,,,Ponni Sugars (Erode) Limited
2002-09-10,7.050000190734863,7.050000190734863,7.050000190734863,7.050000190734863,4.962996959686279,0,PONNIERODE,,,Ponni Sugars (Erode) Limited
2002-09-11,6.550000190734863,6.550000190734863,6.5,6.5,4.575811862945557,339,PONNIERODE,,,Ponni Sugars (Erode) Limited
2002-09-12,6.5,6.5,6.5,6.5,4.575811862945557,0,PONNIERODE,,,Ponni Sugars (Erode) Limited
2002-09-13,6.5,6.75,6.5,6.75,4.751804351806641,1400,PONNIERODE,,,Ponni Sugars (Erode) Limited
2002-09-16,6.75,6.75,6.699999809265137,6.75,4.751804351806641,3500,PONNIERODE,,,Ponni Sugars (Erode) Limited
2002-09-17,6.5,6.5,6.5,6.5,4.575811862945557,40,PONNIERODE,,,Ponni Sugars (Erode) Limited
2002-09-18,6.5,6.5,6.199999809265137,6.5,4.575811862945557,1300,PONNIERODE,,,Ponni Sugars (Erode) Limited
2002-09-19,5.949999809265137,6.5,5.949999809265137,6.5,4.575811862945557,700,PONNIERODE,,,Ponni Sugars (Erode) Limited
2002-09-20,5.900000095367432,6.300000190734863,5.900000095367432,6.300000190734863,4.435018062591553,600,PONNIERODE,,,Ponni Sugars (Erode) Limited
2002-09-23,5.900000095367432,6.0,5.900000095367432,6.0,4.223826408386231,7400,PONNIERODE,,,Ponni Sugars (Erode) Limited
2002-09-24,5.900000095367432,6.0,5.900000095367432,5.900000095367432,4.15342903137207,42,PONNIERODE,,,Ponni Sugars (Erode) Limited
2002-09-25,5.900000095367432,5.900000095367432,5.900000095367432,5.900000095367432,4.15342903137207,0,PONNIERODE,,,Ponni Sugars (Erode) Limited
2002-09-26,6.0,6.0,6.0,6.0,4.223826408386231,1,PONNIERODE,,,Ponni Sugars (Erode) Limited
2002-09-27,6.400000095367432,6.5,6.400000095367432,6.5,4.575811862945557,700,PONNIERODE,,,Ponni Sugars (Erode) Limited
2002-09-30,6.400000095367432,6.400000095367432,6.400000095367432,6.400000095367432,4.505415439605713,32,PONNIERODE,,,Ponni Sugars (Erode) Limited
2002-10-01,6.400000095367432,6.400000095367432,6.400000095367432,6.400000095367432,4.505415439605713,0,PONNIERODE,,,Ponni Sugars (Erode) Limited
2002-10-02,6.400000095367432,6.400000095367432,6.400000095367432,6.400000095367432,4.505415439605713,0,PONNIERODE,,,Ponni Sugars (Erode) Limited
2002-10-03,6.400000095367432,6.400000095367432,6.400000095367432,6.400000095367432,4.505415439605713,0,PONNIERODE,,,Ponni Sugars (Erode) Limited
2002-10-04,6.400000095367432,6.400000095367432,6.400000095367432,6.400000095367432,4.505415439605713,0,PONNIERODE,,,Ponni Sugars (Erode) Limited
2002-10-07,6.400000095367432,6.400000095367432,6.400000095367432,6.400000095367432,4.505415439605713,0,PONNIERODE,,,Ponni Sugars (Erode) Limited
2002-10-08,5.5,5.5,5.5,5.5,3.871840238571167,22,PONNIERODE,,,Ponni Sugars (Erode) Limited
2002-10-09,5.5,5.5,5.5,5.5,3.871840238571167,0,PONNIERODE,,,Ponni Sugars (Erode) Limited
2002-10-10,5.5,5.5,5.5,5.5,3.871840238571167,0,PONNIERODE,,,Ponni Sugars (Erode) Limited
2002-10-11,5.5,5.5,5.5,5.5,3.871840238571167,0,PONNIERODE,,,Ponni Sugars (Erode) Limited
2002-10-14,5.5,5.5,5.5,5.5,3.871840238571167,0,PONNIERODE,,,Ponni Sugars (Erode) Limited
2002-10-15,5.5,5.5,5.5,5.5,3.871840238571167,0,PONNIERODE,,,Ponni Sugars (Erode) Limited
2002-10-16,5.5,5.5,5.5,5.5,3.871840238571167,0,PONNIERODE,,,Ponni Sugars (Erode) Limited
2002-10-17,6.5,6.599999904632568,6.5,6.5,4.575811862945557,842,PONNIERODE,,,Ponni Sugars (Erode) Limited
2002-10-18,6.300000190734863,6.349999904632568,6.300000190734863,6.300000190734863,4.435018062591553,450,PONNIERODE,,,Ponni Sugars (Erode) Limited
2002-10-21,5.550000190734863,6.699999809265137,5.550000190734863,6.050000190734863,4.259024143218994,400,PONNIERODE,,,Ponni Sugars (Erode) Limited
2002-10-22,6.75,6.75,6.0,6.550000190734863,4.61100959777832,1900,PONNIERODE,,,Ponni Sugars (Erode) Limited
2002-10-23,6.550000190734863,6.550000190734863,6.550000190734863,6.550000190734863,4.61100959777832,0,PONNIERODE,,,Ponni Sugars (Erode) Limited
2002-10-24,6.550000190734863,6.550000190734863,6.550000190734863,6.550000190734863,4.61100959777832,0,PONNIERODE,,,Ponni Sugars (Erode) Limited
2002-10-25,6.0,6.75,6.0,6.75,4.751804351806641,90,PONNIERODE,,,Ponni Sugars (Erode) Limited
2002-10-28,6.0,6.0,6.0,6.0,4.223826408386231,80,PONNIERODE,,,Ponni Sugars (Erode) Limited
2002-10-29,6.099999904632568,6.099999904632568,6.0,6.0,4.223826408386231,120,PONNIERODE,,,Ponni Sugars (Erode) Limited
2002-10-30,6.25,6.650000095367432,6.099999904632568,6.650000095367432,4.681407451629639,690,PONNIERODE,,,Ponni Sugars (Erode) Limited
2002-10-31,6.650000095367432,6.650000095367432,6.650000095367432,6.650000095367432,4.681407451629639,0,PONNIERODE,,,Ponni Sugars (Erode) Limited
2002-11-01,6.849999904632568,6.900000095367432,6.849999904632568,6.900000095367432,4.857399940490723,100,PONNIERODE,,,Ponni Sugars (Erode) Limited
2002-11-04,6.900000095367432,6.900000095367432,6.900000095367432,6.900000095367432,4.857399940490723,0,PONNIERODE,,,Ponni Sugars (Erode) Limited
2002-11-05,6.900000095367432,6.900000095367432,6.900000095367432,6.900000095367432,4.857399940490723,0,PONNIERODE,,,Ponni Sugars (Erode) Limited
2002-11-06,6.900000095367432,6.900000095367432,6.900000095367432,6.900000095367432,4.857399940490723,0,PONNIERODE,,,Ponni Sugars (Erode) Limited
2002-11-07,6.900000095367432,6.900000095367432,6.900000095367432,6.900000095367432,4.857399940490723,0,PONNIERODE,,,Ponni Sugars (Erode) Limited
2002-11-08,6.900000095367432,6.900000095367432,6.900000095367432,6.900000095367432,4.857399940490723,0,PONNIERODE,,,Ponni Sugars (Erode) Limited
2002-11-11,6.900000095367432,6.900000095367432,6.900000095367432,6.900000095367432,4.857399940490723,0,PONNIERODE,,,Ponni Sugars (Erode) Limited
2002-11-12,6.900000095367432,6.900000095367432,6.900000095367432,6.900000095367432,4.857399940490723,0,PONNIERODE,,,Ponni Sugars (Erode) Limited
2002-11-13,5.550000190734863,6.0,5.550000190734863,6.0,4.223826408386231,200,PONNIERODE,,,Ponni Sugars (Erode) Limited
2002-11-14,6.099999904632568,6.099999904632568,6.099999904632568,6.099999904632568,4.294224262237549,300,PONNIERODE,,,Ponni Sugars (Erode) Limited
2002-11-15,7.0,7.050000190734863,7.0,7.050000190734863,4.962996959686279,900,PONNIERODE,,,Ponni Sugars (Erode) Limited
2002-11-18,6.550000190734863,6.75,6.550000190734863,6.75,4.751804351806641,400,PONNIERODE,,,Ponni Sugars (Erode) Limited
2002-11-19,6.75,6.75,6.75,6.75,4.751804351806641,0,PONNIERODE,,,Ponni Sugars (Erode) Limited
2002-11-20,6.550000190734863,7.150000095367432,6.550000190734863,7.150000095367432,5.033393383026123,1500,PONNIERODE,,,Ponni Sugars (Erode) Limited
2002-11-21,5.849999904632568,7.650000095367432,5.849999904632568,7.0,4.927797794342041,3,PONNIERODE,,,Ponni Sugars (Erode) Limited
2002-11-22,7.0,7.0,7.0,7.0,4.927797794342041,0,PONNIERODE,,,Ponni Sugars (Erode) Limited
2002-11-25,6.800000190734863,6.800000190734863,6.800000190734863,6.800000190734863,4.787003040313721,20,PONNIERODE,,,Ponni Sugars (Erode) Limited
2002-11-26,6.050000190734863,7.650000095367432,6.050000190734863,7.5,5.279782772064209,1000,PONNIERODE,,,Ponni Sugars (Erode) Limited
2002-11-27,7.050000190734863,7.099999904632568,7.050000190734863,7.099999904632568,4.998193740844727,224,PONNIERODE,,,Ponni Sugars (Erode) Limited
2002-11-28,7.0,7.0,7.0,7.0,4.927797794342041,260,PONNIERODE,,,Ponni Sugars (Erode) Limited
2002-11-29,7.650000095367432,7.650000095367432,7.650000095367432,7.650000095367432,5.385378360748291,200,PONNIERODE,,,Ponni Sugars (Erode) Limited
2002-12-02,7.150000095367432,7.150000095367432,7.050000190734863,7.050000190734863,4.962996959686279,200,PONNIERODE,,,Ponni Sugars (Erode) Limited
2002-12-03,7.25,7.25,7.25,7.25,5.103791236877441,2,PONNIERODE,,,Ponni Sugars (Erode) Limited
2002-12-04,6.599999904632568,6.599999904632568,6.599999904632568,6.599999904632568,4.646209239959717,80,PONNIERODE,,,Ponni Sugars (Erode) Limited
2002-12-05,7.0,7.0,7.0,7.0,4.927797794342041,700,PONNIERODE,,,Ponni Sugars (Erode) Limited
2002-12-06,7.0,7.0,7.0,7.0,4.927797794342041,0,PONNIERODE,,,Ponni Sugars (Erode) Limited
2002-12-09,7.0,7.0,7.0,7.0,4.927797794342041,0,PONNIERODE,,,Ponni Sugars (Erode) Limited
2002-12-10,6.800000190734863,6.800000190734863,6.800000190734863,6.800000190734863,4.787003040313721,1000,PONNIERODE,,,Ponni Sugars (Erode) Limited
2002-12-11,6.599999904632568,7.449999809265137,6.550000190734863,6.650000095367432,4.681407451629639,446,PONNIERODE,,,Ponni Sugars (Erode) Limited
2002-12-12,7.199999809265137,7.199999809265137,6.599999904632568,6.599999904632568,4.646209239959717,400,PONNIERODE,,,Ponni Sugars (Erode) Limited
2002-12-13,6.650000095367432,6.650000095367432,6.650000095367432,6.650000095367432,4.681407451629639,462,PONNIERODE,,,Ponni Sugars (Erode) Limited
2002-12-16,7.0,7.199999809265137,6.550000190734863,7.050000190734863,4.962996959686279,880,PONNIERODE,,,Ponni Sugars (Erode) Limited
2002-12-17,6.349999904632568,7.0,6.349999904632568,7.0,4.927797794342041,200,PONNIERODE,,,Ponni Sugars (Erode) Limited
2002-12-18,7.0,7.0,7.0,7.0,4.927797794342041,0,PONNIERODE,,,Ponni Sugars (Erode) Limited
2002-12-19,6.550000190734863,6.550000190734863,6.5,6.5,4.575811862945557,340,PONNIERODE,,,Ponni Sugars (Erode) Limited
2002-12-20,7.0,7.0,6.599999904632568,7.0,4.927797794342041,640,PONNIERODE,,,Ponni Sugars (Erode) Limited
2002-12-23,6.900000095367432,6.900000095367432,6.900000095367432,6.900000095367432,4.857399940490723,100,PONNIERODE,,,Ponni Sugars (Erode) Limited
2002-12-24,6.699999809265137,6.900000095367432,6.300000190734863,6.400000095367432,4.505415439605713,280,PONNIERODE,,,Ponni Sugars (Erode) Limited
2002-12-25,6.400000095367432,6.400000095367432,6.400000095367432,6.400000095367432,4.505415439605713,0,PONNIERODE,,,Ponni Sugars (Erode) Limited
2002-12-26,6.400000095367432,6.400000095367432,6.400000095367432,6.400000095367432,4.505415439605713,0,PONNIERODE,,,Ponni Sugars (Erode) Limited
2002-12-27,6.449999809265137,6.949999809265137,6.449999809265137,6.949999809265137,4.892598628997803,190,PONNIERODE,,,Ponni Sugars (Erode) Limited
2002-12-30,6.949999809265137,6.949999809265137,6.949999809265137,6.949999809265137,4.892598628997803,0,PONNIERODE,,,Ponni Sugars (Erode) Limited
2002-12-31,6.099999904632568,6.550000190734863,6.099999904632568,6.550000190734863,4.61100959777832,80,PONNIERODE,,,Ponni Sugars (Erode) Limited
2003-01-01,6.150000095367432,6.699999809265137,6.150000095367432,6.5,4.575811862945557,108,PONNIERODE,,,Ponni Sugars (Erode) Limited
2003-01-02,6.150000095367432,7.0,6.150000095367432,6.550000190734863,4.61100959777832,642,PONNIERODE,,,Ponni Sugars (Erode) Limited
2003-01-03,6.900000095367432,6.900000095367432,6.900000095367432,6.900000095367432,4.857399940490723,500,PONNIERODE,,,Ponni Sugars (Erode) Limited
2003-01-06,6.050000190734863,6.900000095367432,6.050000190734863,6.900000095367432,4.857399940490723,191,PONNIERODE,,,Ponni Sugars (Erode) Limited
2003-01-07,6.900000095367432,6.900000095367432,6.900000095367432,6.900000095367432,4.857399940490723,0,PONNIERODE,,,Ponni Sugars (Erode) Limited
2003-01-08,6.050000190734863,6.550000190734863,6.050000190734863,6.550000190734863,4.61100959777832,700,PONNIERODE,,,Ponni Sugars (Erode) Limited
2003-01-09,6.550000190734863,6.550000190734863,6.550000190734863,6.550000190734863,4.61100959777832,0,PONNIERODE,,,Ponni Sugars (Erode) Limited
2003-01-10,6.400000095367432,6.949999809265137,6.349999904632568,6.949999809265137,4.892598628997803,200,PONNIERODE,,,Ponni Sugars (Erode) Limited
2003-01-13,6.699999809265137,6.699999809265137,6.550000190734863,6.599999904632568,4.646209239959717,2400,PONNIERODE,,,Ponni Sugars (Erode) Limited
2003-01-14,6.5,6.5,6.5,6.5,4.575811862945557,44,PONNIERODE,,,Ponni Sugars (Erode) Limited
2003-01-15,6.099999904632568,6.099999904632568,6.099999904632568,6.099999904632568,4.294224262237549,400,PONNIERODE,,,Ponni Sugars (Erode) Limited
2003-01-16,6.099999904632568,6.099999904632568,6.099999904632568,6.099999904632568,4.294224262237549,0,PONNIERODE,,,Ponni Sugars (Erode) Limited
2003-01-17,6.050000190734863,6.050000190734863,6.0,6.0,4.223826408386231,1200,PONNIERODE,,,Ponni Sugars (Erode) Limited
2003-01-20,5.849999904632568,6.0,5.849999904632568,5.949999809265137,4.188627243041992,192,PONNIERODE,,,Ponni Sugars (Erode) Limited
2003-01-21,6.0,6.0,6.0,6.0,4.223826408386231,40,PONNIERODE,,,Ponni Sugars (Erode) Limited
2003-01-22,6.0,6.0,6.0,6.0,4.223826408386231,0,PONNIERODE,,,Ponni Sugars (Erode) Limited
2003-01-23,6.050000190734863,6.5,6.050000190734863,6.5,4.575811862945557,185,PONNIERODE,,,Ponni Sugars (Erode) Limited
2003-01-24,6.5,6.5,6.5,6.5,4.575811862945557,0,PONNIERODE,,,Ponni Sugars (Erode) Limited
2003-01-27,6.050000190734863,6.050000190734863,6.050000190734863,6.050000190734863,4.259024143218994,80,PONNIERODE,,,Ponni Sugars (Erode) Limited
2003-01-28,6.050000190734863,6.050000190734863,6.050000190734863,6.050000190734863,4.259024143218994,0,PONNIERODE,,,Ponni Sugars (Erode) Limited
2003-01-29,6.050000190734863,6.050000190734863,6.050000190734863,6.050000190734863,4.259024143218994,0,PONNIERODE,,,Ponni Sugars (Erode) Limited
2003-01-30,6.050000190734863,6.050000190734863,6.050000190734863,6.050000190734863,4.259024143218994,0,PONNIERODE,,,Ponni Sugars (Erode) Limited
2003-01-31,6.050000190734863,6.050000190734863,6.050000190734863,6.050000190734863,4.259024143218994,0,PONNIERODE,,,Ponni Sugars (Erode) Limited
2003-02-03,5.75,5.75,5.75,5.75,4.04783296585083,60,PONNIERODE,,,Ponni Sugars (Erode) Limited
2003-02-04,5.75,5.75,5.75,5.75,4.04783296585083,0,PONNIERODE,,,Ponni Sugars (Erode) Limited
2003-02-05,6.0,6.0,6.0,6.0,4.223826408386231,180,PONNIERODE,,,Ponni Sugars (Erode) Limited
2003-02-06,6.25,6.25,6.25,6.25,4.399819374084473,100,PONNIERODE,,,Ponni Sugars (Erode) Limited
2003-02-07,6.050000190734863,6.050000190734863,6.050000190734863,6.050000190734863,4.259024143218994,40,PONNIERODE,,,Ponni Sugars (Erode) Limited
2003-02-10,6.050000190734863,6.050000190734863,6.0,6.0,4.223826408386231,1200,PONNIERODE,,,Ponni Sugars (Erode) Limited
2003-02-11,6.0,6.0,6.0,6.0,4.223826408386231,0,PONNIERODE,,,Ponni Sugars (Erode) Limited
2003-02-12,6.0,6.0,6.0,6.0,4.223826408386231,0,PONNIERODE,,,Ponni Sugars (Erode) Limited
2003-02-13,6.0,6.0,6.0,6.0,4.223826408386231,0,PONNIERODE,,,Ponni Sugars (Erode) Limited
2003-02-14,6.050000190734863,6.050000190734863,6.0,6.0,4.223826408386231,400,PONNIERODE,,,Ponni Sugars (Erode) Limited
2003-02-17,6.0,6.0,6.0,6.0,4.223826408386231,0,PONNIERODE,,,Ponni Sugars (Erode) Limited
2003-02-18,6.300000190734863,6.300000190734863,6.25,6.300000190734863,4.435018062591553,226,PONNIERODE,,,Ponni Sugars (Erode) Limited
2003-02-19,6.900000095367432,7.050000190734863,6.050000190734863,6.900000095367432,4.857399940490723,380,PONNIERODE,,,Ponni Sugars (Erode) Limited
2003-02-20,6.5,7.150000095367432,6.449999809265137,7.150000095367432,5.033393383026123,80,PONNIERODE,,,Ponni Sugars (Erode) Limited
2003-02-21,6.699999809265137,6.949999809265137,6.599999904632568,6.650000095367432,4.681407451629639,280,PONNIERODE,,,Ponni Sugars (Erode) Limited
2003-02-24,6.25,6.900000095367432,6.0,6.900000095367432,4.857399940490723,1100,PONNIERODE,,,Ponni Sugars (Erode) Limited
2003-02-25,6.25,6.5,6.25,6.5,4.575811862945557,200,PONNIERODE,,,Ponni Sugars (Erode) Limited
2003-02-26,6.5,6.5,6.5,6.5,4.575811862945557,200,PONNIERODE,,,Ponni Sugars (Erode) Limited
2003-02-27,6.5,6.5,6.5,6.5,4.575811862945557,0,PONNIERODE,,,Ponni Sugars (Erode) Limited
2003-02-28,6.25,6.25,5.900000095367432,5.900000095367432,4.15342903137207,700,PONNIERODE,,,Ponni Sugars (Erode) Limited
2003-03-03,6.0,6.0,6.0,6.0,4.223826408386231,80,PONNIERODE,,,Ponni Sugars (Erode) Limited
2003-03-04,6.0,6.0,6.0,6.0,4.223826408386231,0,PONNIERODE,,,Ponni Sugars (Erode) Limited
2003-03-05,5.75,6.0,5.75,6.0,4.223826408386231,400,PONNIERODE,,,Ponni Sugars (Erode) Limited
2003-03-06,5.5,6.400000095367432,5.25,5.75,4.04783296585083,3600,PONNIERODE,,,Ponni Sugars (Erode) Limited
2003-03-07,5.800000190734863,5.800000190734863,5.800000190734863,5.800000190734863,4.083032131195068,66,PONNIERODE,,,Ponni Sugars (Erode) Limited
2003-03-10,5.199999809265137,6.0,5.199999809265137,6.0,4.223826408386231,300,PONNIERODE,,,Ponni Sugars (Erode) Limited
2003-03-11,5.800000190734863,5.900000095367432,5.5,5.900000095367432,4.15342903137207,763,PONNIERODE,,,Ponni Sugars (Erode) Limited
2003-03-12,6.0,6.099999904632568,6.0,6.099999904632568,4.294224262237549,600,PONNIERODE,,,Ponni Sugars (Erode) Limited
2003-03-13,6.099999904632568,6.099999904632568,6.099999904632568,6.099999904632568,4.294224262237549,0,PONNIERODE,,,Ponni Sugars (Erode) Limited
2003-03-14,6.099999904632568,6.099999904632568,6.099999904632568,6.099999904632568,4.294224262237549,0,PONNIERODE,,,Ponni Sugars (Erode) Limited
2003-03-17,6.0,6.0,6.0,6.0,4.223826408386231,164,PONNIERODE,,,Ponni Sugars (Erode) Limited
2003-03-18,6.0,6.0,6.0,6.0,4.223826408386231,0,PONNIERODE,,,Ponni Sugars (Erode) Limited
2003-03-19,5.150000095367432,6.199999809265137,5.050000190734863,5.5,3.871840238571167,600,PONNIERODE,,,Ponni Sugars (Erode) Limited
2003-03-20,5.5,5.5,5.5,5.5,3.871840238571167,0,PONNIERODE,,,Ponni Sugars (Erode) Limited
2003-03-21,5.5,5.5,5.5,5.5,3.871840238571167,0,PONNIERODE,,,Ponni Sugars (Erode) Limited
2003-03-24,5.5,5.5,5.5,5.5,3.871840238571167,0,PONNIERODE,,,Ponni Sugars (Erode) Limited
2003-03-25,5.25,5.599999904632568,5.25,5.599999904632568,3.942238092422485,164,PONNIERODE,,,Ponni Sugars (Erode) Limited
2003-03-26,5.300000190734863,5.300000190734863,5.300000190734863,5.300000190734863,3.731047153472901,200,PONNIERODE,,,Ponni Sugars (Erode) Limited
2003-03-27,5.050000190734863,5.550000190734863,5.050000190734863,5.550000190734863,3.907039642333984,172,PONNIERODE,,,Ponni Sugars (Erode) Limited
2003-03-28,5.0,5.699999809265137,5.0,5.599999904632568,3.942238092422485,160,PONNIERODE,,,Ponni Sugars (Erode) Limited
2003-03-31,4.849999904632568,5.5,4.849999904632568,5.5,3.871840238571167,100,PONNIERODE,,,Ponni Sugars (Erode) Limited
2003-04-01,4.449999809265137,6.550000190734863,4.449999809265137,4.900000095367432,3.449458122253418,100,PONNIERODE,,,Ponni Sugars (Erode) Limited
2003-04-02,4.900000095367432,4.900000095367432,4.900000095367432,4.900000095367432,3.449458122253418,0,PONNIERODE,,,Ponni Sugars (Erode) Limited
2003-04-03,4.25,5.900000095367432,4.25,5.400000095367432,3.801443338394165,900,PONNIERODE,,,Ponni Sugars (Erode) Limited
2003-04-04,5.400000095367432,5.400000095367432,5.400000095367432,5.400000095367432,3.801443338394165,0,PONNIERODE,,,Ponni Sugars (Erode) Limited
2003-04-07,5.400000095367432,5.400000095367432,5.400000095367432,5.400000095367432,3.801443338394165,0,PONNIERODE,,,Ponni Sugars (Erode) Limited
2003-04-08,5.0,6.0,5.0,5.949999809265137,4.188627243041992,1100,PONNIERODE,,,Ponni Sugars (Erode) Limited
2003-04-09,5.949999809265137,5.949999809265137,5.949999809265137,5.949999809265137,4.188627243041992,0,PONNIERODE,,,Ponni Sugars (Erode) Limited
2003-04-10,5.949999809265137,5.949999809265137,5.949999809265137,5.949999809265137,4.188627243041992,0,PONNIERODE,,,Ponni Sugars (Erode) Limited
2003-04-11,5.949999809265137,5.949999809265137,5.949999809265137,5.949999809265137,4.188627243041992,0,PONNIERODE,,,Ponni Sugars (Erode) Limited
2003-04-14,5.949999809265137,5.949999809265137,5.949999809265137,5.949999809265137,4.188627243041992,0,PONNIERODE,,,Ponni Sugars (Erode) Limited
2003-04-15,6.0,6.0,6.0,6.0,4.223826408386231,2,PONNIERODE,,,Ponni Sugars (Erode) Limited
2003-04-16,6.0,6.0,6.0,6.0,4.223826408386231,0,PONNIERODE,,,Ponni Sugars (Erode) Limited
2003-04-17,5.25,5.25,5.25,5.25,3.695847988128662,40,PONNIERODE,,,Ponni Sugars (Erode) Limited
2003-04-18,5.25,5.25,5.25,5.25,3.695847988128662,0,PONNIERODE,,,Ponni Sugars (Erode) Limited
2003-04-21,5.0,5.400000095367432,5.0,5.400000095367432,3.801443338394165,4,PONNIERODE,,,Ponni Sugars (Erode) Limited
2003-04-22,5.400000095367432,5.400000095367432,5.400000095367432,5.400000095367432,3.801443338394165,0,PONNIERODE,,,Ponni Sugars (Erode) Limited
2003-04-23,5.900000095367432,6.0,5.900000095367432,6.0,4.223826408386231,376,PONNIERODE,,,Ponni Sugars (Erode) Limited
2003-04-24,5.099999904632568,5.800000190734863,5.099999904632568,5.800000190734863,4.083032131195068,40,PONNIERODE,,,Ponni Sugars (Erode) Limited
2003-04-25,5.800000190734863,5.800000190734863,5.800000190734863,5.800000190734863,4.083032131195068,0,PONNIERODE,,,Ponni Sugars (Erode) Limited
2003-04-28,5.099999904632568,6.0,5.099999904632568,6.0,4.223826408386231,300,PONNIERODE,,,Ponni Sugars (Erode) Limited
2003-04-29,6.0,6.0,6.0,6.0,4.223826408386231,0,PONNIERODE,,,Ponni Sugars (Erode) Limited
2003-04-30,6.0,6.0,5.099999904632568,5.099999904632568,3.5902531147003174,156,PONNIERODE,,,Ponni Sugars (Erode) Limited
2003-05-01,5.099999904632568,5.099999904632568,5.099999904632568,5.099999904632568,3.5902531147003174,0,PONNIERODE,,,Ponni Sugars (Erode) Limited
2003-05-02,5.199999809265137,5.199999809265137,5.199999809265137,5.199999809265137,3.660649299621582,96,PONNIERODE,,,Ponni Sugars (Erode) Limited
2003-05-05,5.099999904632568,6.25,5.099999904632568,6.099999904632568,4.294224262237549,600,PONNIERODE,,,Ponni Sugars (Erode) Limited
2003-05-06,5.650000095367432,5.650000095367432,5.650000095367432,5.650000095367432,3.9774365425109854,40,PONNIERODE,,,Ponni Sugars (Erode) Limited
2003-05-07,5.25,5.25,5.25,5.25,3.695847988128662,80,PONNIERODE,,,Ponni Sugars (Erode) Limited
2003-05-08,5.75,5.75,5.0,5.0,3.5198559761047363,5000,PONNIERODE,,,Ponni Sugars (Erode) Limited
2003-05-09,6.0,6.0,6.0,6.0,4.223826408386231,500,PONNIERODE,,,Ponni Sugars (Erode) Limited
2003-05-12,5.599999904632568,5.599999904632568,5.550000190734863,5.550000190734863,3.907039642333984,200,PONNIERODE,,,Ponni Sugars (Erode) Limited
2003-05-13,5.550000190734863,5.550000190734863,5.550000190734863,5.550000190734863,3.907039642333984,0,PONNIERODE,,,Ponni Sugars (Erode) Limited
2003-05-14,5.400000095367432,6.699999809265137,5.400000095367432,6.699999809265137,4.716605186462402,100,PONNIERODE,,,Ponni Sugars (Erode) Limited
2003-05-15,6.099999904632568,7.449999809265137,6.099999904632568,6.099999904632568,4.294224262237549,300,PONNIERODE,,,Ponni Sugars (Erode) Limited
2003-05-16,6.5,6.5,6.5,6.5,4.575811862945557,540,PONNIERODE,,,Ponni Sugars (Erode) Limited
2003-05-19,6.550000190734863,7.0,6.550000190734863,6.900000095367432,4.857399940490723,400,PONNIERODE,,,Ponni Sugars (Erode) Limited
2003-05-20,6.900000095367432,6.900000095367432,6.900000095367432,6.900000095367432,4.857399940490723,0,PONNIERODE,,,Ponni Sugars (Erode) Limited
2003-05-21,6.900000095367432,6.900000095367432,6.900000095367432,6.900000095367432,4.857399940490723,0,PONNIERODE,,,Ponni Sugars (Erode) Limited
2003-05-22,6.900000095367432,6.900000095367432,6.900000095367432,6.900000095367432,4.857399940490723,0,PONNIERODE,,,Ponni Sugars (Erode) Limited
2003-05-23,7.0,7.0,7.0,7.0,4.927797794342041,100,PONNIERODE,,,Ponni Sugars (Erode) Limited
2003-05-26,7.0,7.0,7.0,7.0,4.927797794342041,0,PONNIERODE,,,Ponni Sugars (Erode) Limited
2003-05-27,6.099999904632568,6.099999904632568,6.099999904632568,6.099999904632568,4.294224262237549,40,PONNIERODE,,,Ponni Sugars (Erode) Limited
2003-05-28,6.25,6.550000190734863,6.25,6.550000190734863,4.61100959777832,300,PONNIERODE,,,Ponni Sugars (Erode) Limited
2003-05-29,6.0,7.25,6.0,6.550000190734863,4.61100959777832,1600,PONNIERODE,,,Ponni Sugars (Erode) Limited
2003-05-30,7.0,7.0,6.75,6.800000190734863,4.787003040313721,600,PONNIERODE,,,Ponni Sugars (Erode) Limited
2003-06-02,6.550000190734863,7.949999809265137,6.550000190734863,7.25,5.103791236877441,316,PONNIERODE,,,Ponni Sugars (Erode) Limited
2003-06-03,7.5,7.75,7.5,7.699999809265137,5.420577526092529,900,PONNIERODE,,,Ponni Sugars (Erode) Limited
2003-06-04,7.800000190734863,9.25,7.199999809265137,8.75,6.159746170043945,4100,PONNIERODE,,,Ponni Sugars (Erode) Limited
2003-06-05,8.5,8.550000190734863,8.5,8.5,5.983753204345703,1000,PONNIERODE,,,Ponni Sugars (Erode) Limited
2003-06-06,9.899999618530272,10.050000190734863,8.649999618530273,9.449999809265137,6.652526378631592,3600,PONNIERODE,,,Ponni Sugars (Erode) Limited
2003-06-09,9.75,10.5,9.0,10.199999809265137,7.180506229400635,7300,PONNIERODE,,,Ponni Sugars (Erode) Limited
2003-06-10,10.300000190734863,11.0,10.0,10.550000190734863,7.426896572113037,20900,PONNIERODE,,,Ponni Sugars (Erode) Limited
2003-06-11,10.25,11.75,10.25,10.550000190734863,7.426896572113037,8300,PONNIERODE,,,Ponni Sugars (Erode) Limited
2003-06-12,10.850000381469728,11.5,10.850000381469728,11.050000190734863,7.778879165649414,5500,PONNIERODE,,,Ponni Sugars (Erode) Limited
2003-06-13,11.050000190734863,11.25,10.5,10.899999618530272,7.673282146453857,1200,PONNIERODE,,,Ponni Sugars (Erode) Limited
2003-06-16,10.5,10.5,9.850000381469728,9.850000381469728,6.934115886688232,265,PONNIERODE,,,Ponni Sugars (Erode) Limited
2003-06-17,8.949999809265137,9.5,8.899999618530273,8.899999618530273,6.2653422355651855,4000,PONNIERODE,,,Ponni Sugars (Erode) Limited
2003-06-18,8.25,8.800000190734863,8.199999809265137,8.25,5.807761669158936,2900,PONNIERODE,,,Ponni Sugars (Erode) Limited
2003-06-19,8.25,9.100000381469728,7.849999904632568,8.399999618530273,5.913356304168701,300,PONNIERODE,,,Ponni Sugars (Erode) Limited
2003-06-20,8.899999618530273,8.899999618530273,7.650000095367432,8.0,5.631768226623535,1300,PONNIERODE,,,Ponni Sugars (Erode) Limited
2003-06-23,7.800000190734863,8.5,7.699999809265137,7.699999809265137,5.420577526092529,1400,PONNIERODE,,,Ponni Sugars (Erode) Limited
2003-06-24,7.25,8.25,7.25,7.599999904632568,5.350180149078369,530,PONNIERODE,,,Ponni Sugars (Erode) Limited
2003-06-25,6.900000095367432,8.350000381469727,6.900000095367432,7.5,5.279782772064209,276,PONNIERODE,,,Ponni Sugars (Erode) Limited
2003-06-26,7.0,8.25,7.0,8.25,5.807761669158936,1300,PONNIERODE,,,Ponni Sugars (Erode) Limited
2003-06-27,9.0,9.0,7.699999809265137,8.25,5.807761669158936,745,PONNIERODE,,,Ponni Sugars (Erode) Limited
2003-06-30,8.5,9.050000190734863,8.25,9.050000190734863,6.370937824249268,2000,PONNIERODE,,,Ponni Sugars (Erode) Limited
2003-07-01,9.550000190734863,9.550000190734863,8.149999618530273,8.149999618530273,5.737363815307617,864,PONNIERODE,,,Ponni Sugars (Erode) Limited
2003-07-02,8.0,8.5,7.400000095367432,7.5,5.279782772064209,2000,PONNIERODE,,,Ponni Sugars (Erode) Limited
2003-07-03,7.75,8.25,7.75,8.0,5.631768226623535,3400,PONNIERODE,,,Ponni Sugars (Erode) Limited
2003-07-04,8.75,8.75,7.699999809265137,8.449999809265137,5.948554515838623,220,PONNIERODE,,,Ponni Sugars (Erode) Limited
2003-07-07,7.599999904632568,9.300000190734863,7.599999904632568,9.300000190734863,6.546929836273193,6000,PONNIERODE,,,Ponni Sugars (Erode) Limited
2003-07-08,10.0,10.0,8.5,8.800000190734863,6.194944858551025,12900,PONNIERODE,,,Ponni Sugars (Erode) Limited
2003-07-09,8.149999618530273,9.0,7.949999809265137,8.300000190734863,5.842958927154541,3800,PONNIERODE,,,Ponni Sugars (Erode) Limited
2003-07-10,8.0,8.0,7.599999904632568,7.75,5.455775260925293,3800,PONNIERODE,,,Ponni Sugars (Erode) Limited
2003-07-11,7.300000190734863,8.5,7.300000190734863,7.900000095367432,5.561370849609375,176,PONNIERODE,,,Ponni Sugars (Erode) Limited
2003-07-14,7.900000095367432,8.199999809265137,7.599999904632568,8.199999809265137,5.772562980651856,6700,PONNIERODE,,,Ponni Sugars (Erode) Limited
2003-07-15,7.75,7.75,7.75,7.75,5.455775260925293,50,PONNIERODE,,,Ponni Sugars (Erode) Limited
2003-07-16,8.0,8.449999809265137,7.75,7.949999809265137,5.596569061279297,2700,PONNIERODE,,,Ponni Sugars (Erode) Limited
2003-07-17,8.699999809265137,8.75,7.400000095367432,8.350000381469727,5.878159523010254,1000,PONNIERODE,,,Ponni Sugars (Erode) Limited
2003-07-18,8.0,8.0,7.550000190734863,7.599999904632568,5.350180149078369,3000,PONNIERODE,,,Ponni Sugars (Erode) Limited
2003-07-21,7.550000190734863,7.550000190734863,6.849999904632568,6.900000095367432,4.857399940490723,842,PONNIERODE,,,Ponni Sugars (Erode) Limited
2003-07-22,7.5,7.5,7.0,7.0,4.927797794342041,1600,PONNIERODE,,,Ponni Sugars (Erode) Limited
2003-07-23,6.650000095367432,7.699999809265137,6.650000095367432,7.25,5.103791236877441,2000,PONNIERODE,,,Ponni Sugars (Erode) Limited
2003-07-24,7.199999809265137,7.550000190734863,7.199999809265137,7.550000190734863,5.314981460571289,300,PONNIERODE,,,Ponni Sugars (Erode) Limited
2003-07-25,7.25,7.5,7.25,7.300000190734863,5.138988971710205,760,PONNIERODE,,,Ponni Sugars (Erode) Limited
2003-07-28,7.25,7.25,7.25,7.25,5.103791236877441,900,PONNIERODE,,,Ponni Sugars (Erode) Limited
2003-07-29,7.25,7.650000095367432,7.25,7.550000190734863,5.314981460571289,1800,PONNIERODE,,,Ponni Sugars (Erode) Limited
2003-07-30,7.050000190734863,7.900000095367432,7.050000190734863,7.900000095367432,5.561370849609375,482,PONNIERODE,,,Ponni Sugars (Erode) Limited
2003-07-31,7.900000095367432,8.699999809265137,7.25,8.550000190734863,6.018953323364258,2500,PONNIERODE,,,Ponni Sugars (Erode) Limited
2003-08-01,8.050000190734863,9.399999618530272,8.0,8.649999618530273,6.089348793029785,13400,PONNIERODE,,,Ponni Sugars (Erode) Limited
2003-08-04,9.25,9.399999618530272,8.550000190734863,9.149999618530272,6.441335678100586,6800,PONNIERODE,,,Ponni Sugars (Erode) Limited
2003-08-05,9.899999618530272,9.899999618530272,8.699999809265137,8.850000381469727,6.23014497756958,8200,PONNIERODE,,,Ponni Sugars (Erode) Limited
2003-08-06,9.75,9.75,8.5,9.050000190734863,6.370937824249268,4100,PONNIERODE,,,Ponni Sugars (Erode) Limited
2003-08-07,9.449999809265137,9.449999809265137,8.75,8.899999618530273,6.2653422355651855,539,PONNIERODE,,,Ponni Sugars (Erode) Limited
2003-08-08,8.800000190734863,9.0,8.800000190734863,9.0,6.335738182067871,1200,PONNIERODE,,,Ponni Sugars (Erode) Limited
2003-08-11,8.75,9.300000190734863,8.75,8.899999618530273,6.2653422355651855,700,PONNIERODE,,,Ponni Sugars (Erode) Limited
2003-08-12,9.300000190734863,9.75,8.850000381469727,9.199999809265137,6.476531982421875,1500,PONNIERODE,,,Ponni Sugars (Erode) Limited
2003-08-13,9.399999618530272,9.399999618530272,8.5,9.0,6.335738182067871,3100,PONNIERODE,,,Ponni Sugars (Erode) Limited
2003-08-14,9.149999618530272,9.149999618530272,8.699999809265137,9.100000381469728,6.406136989593506,2900,PONNIERODE,,,Ponni Sugars (Erode) Limited
2003-08-15,9.100000381469728,9.100000381469728,9.100000381469728,9.100000381469728,6.406136989593506,0,PONNIERODE,,,Ponni Sugars (Erode) Limited
2003-08-18,9.100000381469728,9.5,9.100000381469728,9.199999809265137,6.476531982421875,2200,PONNIERODE,,,Ponni Sugars (Erode) Limited
2003-08-19,9.25,10.100000381469728,9.199999809265137,10.100000381469728,7.110108375549316,6800,PONNIERODE,,,Ponni Sugars (Erode) Limited
2003-08-20,10.699999809265137,11.0,10.25,10.699999809265137,7.532488822937012,10000,PONNIERODE,,,Ponni Sugars (Erode) Limited
2003-08-21,10.75,10.800000190734863,10.350000381469728,10.350000381469728,7.286102294921875,7600,PONNIERODE,,,Ponni Sugars (Erode) Limited
2003-08-22,10.5,11.399999618530272,10.5,11.399999618530272,8.0252685546875,14400,PONNIERODE,,,Ponni Sugars (Erode) Limited
2003-08-25,12.300000190734863,12.550000190734863,11.0,11.050000190734863,7.778879165649414,19300,PONNIERODE,,,Ponni Sugars (Erode) Limited
2003-08-26,11.300000190734863,12.199999809265137,11.300000190734863,12.199999809265137,8.588448524475098,5000,PONNIERODE,,,Ponni Sugars (Erode) Limited
2003-08-27,13.350000381469728,13.449999809265137,13.350000381469728,13.449999809265137,9.46841049194336,7900,PONNIERODE,,,Ponni Sugars (Erode) Limited
2003-08-28,14.0,14.800000190734863,13.75,14.75,10.383572578430176,8400,PONNIERODE,,,Ponni Sugars (Erode) Limited
2003-08-29,15.300000190734863,15.300000190734863,13.300000190734863,13.300000190734863,9.362814903259276,6400,PONNIERODE,,,Ponni Sugars (Erode) Limited
2003-09-01,12.449999809265137,14.25,12.449999809265137,13.0,9.151623725891112,8000,PONNIERODE,,,Ponni Sugars (Erode) Limited
2003-09-02,12.399999618530272,12.800000190734863,12.0,12.25,8.623645782470703,7600,PONNIERODE,,,Ponni Sugars (Erode) Limited
2003-09-03,12.5,12.949999809265137,11.350000381469728,12.949999809265137,9.116426467895508,5000,PONNIERODE,,,Ponni Sugars (Erode) Limited
2003-09-04,13.25,13.5,12.25,12.949999809265137,9.116426467895508,14200,PONNIERODE,,,Ponni Sugars (Erode) Limited
2003-09-05,11.649999618530272,13.5,11.649999618530272,13.5,9.50360870361328,2900,PONNIERODE,,,Ponni Sugars (Erode) Limited
2003-09-08,12.199999809265137,12.449999809265137,12.149999618530272,12.199999809265137,8.588448524475098,500,PONNIERODE,,,Ponni Sugars (Erode) Limited
2003-09-09,11.600000381469728,11.600000381469728,11.600000381469728,11.600000381469728,8.166064262390137,400,PONNIERODE,,,Ponni Sugars (Erode) Limited
2003-09-10,11.600000381469728,11.600000381469728,11.600000381469728,11.600000381469728,8.166064262390137,0,PONNIERODE,,,Ponni Sugars (Erode) Limited
2003-09-11,11.600000381469728,11.600000381469728,11.600000381469728,11.600000381469728,8.166064262390137,0,PONNIERODE,,,Ponni Sugars (Erode) Limited
2003-09-12,11.600000381469728,11.600000381469728,11.600000381469728,11.600000381469728,8.166064262390137,0,PONNIERODE,,,Ponni Sugars (Erode) Limited
2003-09-15,11.600000381469728,11.600000381469728,11.600000381469728,11.600000381469728,8.166064262390137,0,PONNIERODE,,,Ponni Sugars (Erode) Limited
2003-09-16,11.600000381469728,11.600000381469728,11.600000381469728,11.600000381469728,8.166064262390137,0,PONNIERODE,,,Ponni Sugars (Erode) Limited
2003-09-17,11.600000381469728,11.600000381469728,11.600000381469728,11.600000381469728,8.166064262390137,0,PONNIERODE,,,Ponni Sugars (Erode) Limited
2003-09-18,11.600000381469728,11.600000381469728,11.600000381469728,11.600000381469728,8.166064262390137,0,PONNIERODE,,,Ponni Sugars (Erode) Limited
2003-09-19,11.600000381469728,11.600000381469728,11.600000381469728,11.600000381469728,8.166064262390137,0,PONNIERODE,,,Ponni Sugars (Erode) Limited
2003-09-22,11.600000381469728,11.600000381469728,11.600000381469728,11.600000381469728,8.166064262390137,0,PONNIERODE,,,Ponni Sugars (Erode) Limited
2003-09-23,11.600000381469728,11.600000381469728,11.600000381469728,11.600000381469728,8.166064262390137,0,PONNIERODE,,,Ponni Sugars (Erode) Limited
2003-09-24,11.600000381469728,11.600000381469728,11.600000381469728,11.600000381469728,8.166064262390137,0,PONNIERODE,,,Ponni Sugars (Erode) Limited
2003-09-25,11.600000381469728,11.600000381469728,11.600000381469728,11.600000381469728,8.166064262390137,0,PONNIERODE,,,Ponni Sugars (Erode) Limited
2003-09-26,11.600000381469728,11.600000381469728,11.600000381469728,11.600000381469728,8.166064262390137,0,PONNIERODE,,,Ponni Sugars (Erode) Limited
2003-09-29,11.600000381469728,11.600000381469728,11.600000381469728,11.600000381469728,8.166064262390137,0,PONNIERODE,,,Ponni Sugars (Erode) Limited
2003-09-30,11.600000381469728,11.600000381469728,11.600000381469728,11.600000381469728,8.166064262390137,0,PONNIERODE,,,Ponni Sugars (Erode) Limited
2003-10-01,11.600000381469728,11.600000381469728,11.600000381469728,11.600000381469728,8.166064262390137,0,PONNIERODE,,,Ponni Sugars (Erode) Limited
2003-10-02,11.600000381469728,11.600000381469728,11.600000381469728,11.600000381469728,8.166064262390137,0,PONNIERODE,,,Ponni Sugars (Erode) Limited
2003-10-03,11.600000381469728,11.600000381469728,11.600000381469728,11.600000381469728,8.166064262390137,0,PONNIERODE,,,Ponni Sugars (Erode) Limited
2003-10-06,11.600000381469728,11.600000381469728,11.600000381469728,11.600000381469728,8.166064262390137,0,PONNIERODE,,,Ponni Sugars (Erode) Limited
2003-10-07,11.600000381469728,11.600000381469728,11.600000381469728,11.600000381469728,8.166064262390137,0,PONNIERODE,,,Ponni Sugars (Erode) Limited
2003-10-08,11.600000381469728,11.600000381469728,11.600000381469728,11.600000381469728,8.166064262390137,0,PONNIERODE,,,Ponni Sugars (Erode) Limited
2003-10-09,11.600000381469728,11.600000381469728,11.600000381469728,11.600000381469728,8.166064262390137,0,PONNIERODE,,,Ponni Sugars (Erode) Limited
2003-10-10,11.600000381469728,11.600000381469728,11.600000381469728,11.600000381469728,8.166064262390137,0,PONNIERODE,,,Ponni Sugars (Erode) Limited
2003-10-13,11.600000381469728,11.600000381469728,11.600000381469728,11.600000381469728,8.166064262390137,0,PONNIERODE,,,Ponni Sugars (Erode) Limited
2003-10-14,11.600000381469728,11.600000381469728,11.600000381469728,11.600000381469728,8.166064262390137,0,PONNIERODE,,,Ponni Sugars (Erode) Limited
2003-10-15,11.600000381469728,11.600000381469728,11.600000381469728,11.600000381469728,8.166064262390137,0,PONNIERODE,,,Ponni Sugars (Erode) Limited
2003-10-16,11.600000381469728,11.600000381469728,11.600000381469728,11.600000381469728,8.166064262390137,0,PONNIERODE,,,Ponni Sugars (Erode) Limited
2003-10-17,11.600000381469728,11.600000381469728,11.600000381469728,11.600000381469728,8.166064262390137,0,PONNIERODE,,,Ponni Sugars (Erode) Limited
2003-10-20,11.600000381469728,11.600000381469728,11.600000381469728,11.600000381469728,8.166064262390137,0,PONNIERODE,,,Ponni Sugars (Erode) Limited
2003-10-21,11.600000381469728,11.600000381469728,11.600000381469728,11.600000381469728,8.166064262390137,0,PONNIERODE,,,Ponni Sugars (Erode) Limited
2003-10-22,11.600000381469728,11.600000381469728,11.600000381469728,11.600000381469728,8.166064262390137,0,PONNIERODE,,,Ponni Sugars (Erode) Limited
2003-10-23,11.600000381469728,11.600000381469728,11.600000381469728,11.600000381469728,8.166064262390137,0,PONNIERODE,,,Ponni Sugars (Erode) Limited
2003-10-24,11.600000381469728,11.600000381469728,11.600000381469728,11.600000381469728,8.166064262390137,0,PONNIERODE,,,Ponni Sugars (Erode) Limited
2003-10-27,11.600000381469728,11.600000381469728,11.600000381469728,11.600000381469728,8.166064262390137,0,PONNIERODE,,,Ponni Sugars (Erode) Limited
2003-10-28,11.600000381469728,11.600000381469728,11.600000381469728,11.600000381469728,8.166064262390137,0,PONNIERODE,,,Ponni Sugars (Erode) Limited
2003-10-29,11.600000381469728,11.600000381469728,11.600000381469728,11.600000381469728,8.166064262390137,0,PONNIERODE,,,Ponni Sugars (Erode) Limited
2003-10-30,11.600000381469728,11.600000381469728,11.600000381469728,11.600000381469728,8.166064262390137,0,PONNIERODE,,,Ponni Sugars (Erode) Limited
2003-10-31,11.600000381469728,11.600000381469728,11.600000381469728,11.600000381469728,8.166064262390137,0,PONNIERODE,,,Ponni Sugars (Erode) Limited
2003-11-03,11.600000381469728,11.600000381469728,11.600000381469728,11.600000381469728,8.166064262390137,0,PONNIERODE,,,Ponni Sugars (Erode) Limited
2003-11-04,11.600000381469728,11.600000381469728,11.600000381469728,11.600000381469728,8.166064262390137,0,PONNIERODE,,,Ponni Sugars (Erode) Limited
2003-11-05,11.600000381469728,11.600000381469728,11.600000381469728,11.600000381469728,8.166064262390137,0,PONNIERODE,,,Ponni Sugars (Erode) Limited
2003-11-06,11.600000381469728,11.600000381469728,11.600000381469728,11.600000381469728,8.166064262390137,0,PONNIERODE,,,Ponni Sugars (Erode) Limited
2003-11-07,11.600000381469728,11.600000381469728,11.600000381469728,11.600000381469728,8.166064262390137,0,PONNIERODE,,,Ponni Sugars (Erode) Limited
2003-11-10,11.600000381469728,11.600000381469728,11.600000381469728,11.600000381469728,8.166064262390137,0,PONNIERODE,,,Ponni Sugars (Erode) Limited
2003-11-11,11.600000381469728,11.600000381469728,11.600000381469728,11.600000381469728,8.166064262390137,0,PONNIERODE,,,Ponni Sugars (Erode) Limited
2003-11-12,11.600000381469728,11.600000381469728,11.600000381469728,11.600000381469728,8.166064262390137,0,PONNIERODE,,,Ponni Sugars (Erode) Limited
2003-11-13,11.600000381469728,11.600000381469728,11.600000381469728,11.600000381469728,8.166064262390137,0,PONNIERODE,,,Ponni Sugars (Erode) Limited
2003-11-14,11.600000381469728,11.600000381469728,11.600000381469728,11.600000381469728,8.166064262390137,0,PONNIERODE,,,Ponni Sugars (Erode) Limited
2003-11-17,11.600000381469728,11.600000381469728,11.600000381469728,11.600000381469728,8.166064262390137,0,PONNIERODE,,,Ponni Sugars (Erode) Limited
2003-11-18,11.600000381469728,11.600000381469728,11.600000381469728,11.600000381469728,8.166064262390137,0,PONNIERODE,,,Ponni Sugars (Erode) Limited
2003-11-19,11.600000381469728,11.600000381469728,11.600000381469728,11.600000381469728,8.166064262390137,0,PONNIERODE,,,Ponni Sugars (Erode) Limited
2003-11-20,11.600000381469728,11.600000381469728,11.600000381469728,11.600000381469728,8.166064262390137,0,PONNIERODE,,,Ponni Sugars (Erode) Limited
2003-11-21,11.600000381469728,11.600000381469728,11.600000381469728,11.600000381469728,8.166064262390137,0,PONNIERODE,,,Ponni Sugars (Erode) Limited
2003-11-24,11.600000381469728,11.600000381469728,11.600000381469728,11.600000381469728,8.166064262390137,0,PONNIERODE,,,Ponni Sugars (Erode) Limited
2003-11-25,11.600000381469728,11.600000381469728,11.600000381469728,11.600000381469728,8.166064262390137,0,PONNIERODE,,,Ponni Sugars (Erode) Limited
2003-11-26,11.600000381469728,11.600000381469728,11.600000381469728,11.600000381469728,8.166064262390137,0,PONNIERODE,,,Ponni Sugars (Erode) Limited
2003-11-27,11.600000381469728,11.600000381469728,11.600000381469728,11.600000381469728,8.166064262390137,0,PONNIERODE,,,Ponni Sugars (Erode) Limited
2003-11-28,11.600000381469728,11.600000381469728,11.600000381469728,11.600000381469728,8.166064262390137,0,PONNIERODE,,,Ponni Sugars (Erode) Limited
2003-12-01,11.600000381469728,11.600000381469728,11.600000381469728,11.600000381469728,8.166064262390137,0,PONNIERODE,,,Ponni Sugars (Erode) Limited
2003-12-02,11.600000381469728,11.600000381469728,11.600000381469728,11.600000381469728,8.166064262390137,0,PONNIERODE,,,Ponni Sugars (Erode) Limited
2003-12-03,11.600000381469728,11.600000381469728,11.600000381469728,11.600000381469728,8.166064262390137,0,PONNIERODE,,,Ponni Sugars (Erode) Limited
2003-12-04,11.600000381469728,11.600000381469728,11.600000381469728,11.600000381469728,8.166064262390137,0,PONNIERODE,,,Ponni Sugars (Erode) Limited
2003-12-05,11.600000381469728,11.600000381469728,11.600000381469728,11.600000381469728,8.166064262390137,0,PONNIERODE,,,Ponni Sugars (Erode) Limited
2003-12-08,11.600000381469728,11.600000381469728,11.600000381469728,11.600000381469728,8.166064262390137,0,PONNIERODE,,,Ponni Sugars (Erode) Limited
2003-12-09,11.600000381469728,11.600000381469728,11.600000381469728,11.600000381469728,8.166064262390137,0,PONNIERODE,,,Ponni Sugars (Erode) Limited
2003-12-10,11.600000381469728,11.600000381469728,11.600000381469728,11.600000381469728,8.166064262390137,0,PONNIERODE,,,Ponni Sugars (Erode) Limited
2003-12-11,11.600000381469728,11.600000381469728,11.600000381469728,11.600000381469728,8.166064262390137,0,PONNIERODE,,,Ponni Sugars (Erode) Limited
2003-12-12,11.600000381469728,11.600000381469728,11.600000381469728,11.600000381469728,8.166064262390137,0,PONNIERODE,,,Ponni Sugars (Erode) Limited
2003-12-15,11.5,11.5,10.75,11.0,7.743680477142334,680,PONNIERODE,,,Ponni Sugars (Erode) Limited
2003-12-16,11.0,11.0,11.0,11.0,7.743680477142334,0,PONNIERODE,,,Ponni Sugars (Erode) Limited
2003-12-17,11.0,11.0,11.0,11.0,7.743680477142334,0,PONNIERODE,,,Ponni Sugars (Erode) Limited
2003-12-18,11.0,11.0,11.0,11.0,7.743680477142334,0,PONNIERODE,,,Ponni Sugars (Erode) Limited
2003-12-19,12.100000381469728,12.100000381469728,11.050000190734863,11.100000381469728,7.814079284667969,340,PONNIERODE,,,Ponni Sugars (Erode) Limited
2003-12-22,10.100000381469728,11.100000381469728,10.050000190734863,10.100000381469728,7.110108375549316,440,PONNIERODE,,,Ponni Sugars (Erode) Limited
2003-12-23,11.149999618530272,11.149999618530272,11.149999618530272,11.149999618530272,7.849274158477783,50,PONNIERODE,,,Ponni Sugars (Erode) Limited
2003-12-24,11.600000381469728,12.300000190734863,11.600000381469728,12.300000190734863,8.658844947814941,360,PONNIERODE,,,Ponni Sugars (Erode) Limited
2003-12-25,12.300000190734863,12.300000190734863,12.300000190734863,12.300000190734863,8.658844947814941,0,PONNIERODE,,,Ponni Sugars (Erode) Limited
2003-12-26,13.0,13.0,12.149999618530272,12.300000190734863,8.658844947814941,570,PONNIERODE,,,Ponni Sugars (Erode) Limited
2003-12-29,13.050000190734863,13.25,13.0,13.25,9.327616691589355,1100,PONNIERODE,,,Ponni Sugars (Erode) Limited
2003-12-30,14.0,14.0,14.0,14.0,9.855595588684082,100,PONNIERODE,,,Ponni Sugars (Erode) Limited
2003-12-31,12.600000381469728,13.899999618530272,12.600000381469728,13.0,9.151623725891112,1587,PONNIERODE,,,Ponni Sugars (Erode) Limited
2004-01-01,12.0,13.5,12.0,12.0,8.447652816772461,1700,PONNIERODE,,,Ponni Sugars (Erode) Limited
2004-01-02,12.149999618530272,12.800000190734863,12.149999618530272,12.800000190734863,9.010830879211426,450,PONNIERODE,,,Ponni Sugars (Erode) Limited
2004-01-05,12.100000381469728,14.0,12.100000381469728,13.100000381469728,9.22201919555664,1600,PONNIERODE,,,Ponni Sugars (Erode) Limited
2004-01-06,13.100000381469728,13.25,13.100000381469728,13.100000381469728,9.22201919555664,2000,PONNIERODE,,,Ponni Sugars (Erode) Limited
2004-01-07,12.0,12.0,11.800000190734863,11.800000190734863,8.30685806274414,400,PONNIERODE,,,Ponni Sugars (Erode) Limited
2004-01-08,11.300000190734863,12.600000381469728,11.300000190734863,12.600000381469728,8.870036125183105,660,PONNIERODE,,,Ponni Sugars (Erode) Limited
2004-01-09,11.5,11.5,11.399999618530272,11.399999618530272,8.0252685546875,260,PONNIERODE,,,Ponni Sugars (Erode) Limited
2004-01-12,11.050000190734863,12.5,11.050000190734863,12.0,8.447652816772461,1374,PONNIERODE,,,Ponni Sugars (Erode) Limited
2004-01-13,11.949999809265137,12.0,11.5,11.550000190734863,8.130866050720215,987,PONNIERODE,,,Ponni Sugars (Erode) Limited
2004-01-14,11.800000190734863,12.649999618530272,11.800000190734863,11.899999618530272,8.377254486083984,190,PONNIERODE,,,Ponni Sugars (Erode) Limited
2004-01-15,11.399999618530272,11.399999618530272,11.350000381469728,11.350000381469728,7.9900712966918945,120,PONNIERODE,,,Ponni Sugars (Erode) Limited
2004-01-16,11.75,11.800000190734863,11.75,11.800000190734863,8.30685806274414,100,PONNIERODE,,,Ponni Sugars (Erode) Limited
2004-01-19,10.800000190734863,11.149999618530272,10.800000190734863,11.0,7.743680477142334,1700,PONNIERODE,,,Ponni Sugars (Erode) Limited
2004-01-20,10.800000190734863,10.800000190734863,10.800000190734863,10.800000190734863,7.60288667678833,80,PONNIERODE,,,Ponni Sugars (Erode) Limited
2004-01-21,11.800000190734863,11.800000190734863,10.600000381469728,11.0,7.743680477142334,400,PONNIERODE,,,Ponni Sugars (Erode) Limited
2004-01-22,9.899999618530272,10.5,9.899999618530272,10.5,7.391695976257324,180,PONNIERODE,,,Ponni Sugars (Erode) Limited
2004-01-23,10.5,10.5,10.5,10.5,7.391695976257324,0,PONNIERODE,,,Ponni Sugars (Erode) Limited
2004-01-26,10.5,10.5,10.5,10.5,7.391695976257324,0,PONNIERODE,,,Ponni Sugars (Erode) Limited
2004-01-27,10.0,10.0,10.0,10.0,7.039711952209473,250,PONNIERODE,,,Ponni Sugars (Erode) Limited
2004-01-28,9.949999809265137,9.949999809265137,9.949999809265137,9.949999809265137,7.004512310028076,260,PONNIERODE,,,Ponni Sugars (Erode) Limited
2004-01-29,9.550000190734863,10.800000190734863,9.550000190734863,9.550000190734863,6.722922801971436,300,PONNIERODE,,,Ponni Sugars (Erode) Limited
2004-01-30,10.149999618530272,10.5,10.149999618530272,10.300000190734863,7.250903129577637,1400,PONNIERODE,,,Ponni Sugars (Erode) Limited
2004-02-02,10.300000190734863,10.300000190734863,10.300000190734863,10.300000190734863,7.250903129577637,0,PONNIERODE,,,Ponni Sugars (Erode) Limited
2004-02-03,9.699999809265137,10.5,9.699999809265137,9.850000381469728,6.934115886688232,1000,PONNIERODE,,,Ponni Sugars (Erode) Limited
2004-02-04,10.0,10.0,10.0,10.0,7.039711952209473,500,PONNIERODE,,,Ponni Sugars (Erode) Limited
2004-02-05,10.0,10.0,10.0,10.0,7.039711952209473,0,PONNIERODE,,,Ponni Sugars (Erode) Limited
2004-02-06,9.050000190734863,9.050000190734863,9.0,9.0,6.335738182067871,400,PONNIERODE,,,Ponni Sugars (Erode) Limited
2004-02-09,9.5,9.5,9.5,9.5,6.687723636627197,200,PONNIERODE,,,Ponni Sugars (Erode) Limited
2004-02-10,9.5,9.5,9.5,9.5,6.687723636627197,0,PONNIERODE,,,Ponni Sugars (Erode) Limited
2004-02-11,9.550000190734863,9.550000190734863,9.550000190734863,9.550000190734863,6.722922801971436,120,PONNIERODE,,,Ponni Sugars (Erode) Limited
2004-02-12,9.600000381469728,9.600000381469728,9.600000381469728,9.600000381469728,6.758121490478516,330,PONNIERODE,,,Ponni Sugars (Erode) Limited
2004-02-13,9.600000381469728,9.75,9.600000381469728,9.699999809265137,6.828519344329834,1000,PONNIERODE,,,Ponni Sugars (Erode) Limited
2004-02-16,9.699999809265137,9.699999809265137,9.699999809265137,9.699999809265137,6.828519344329834,0,PONNIERODE,,,Ponni Sugars (Erode) Limited
2004-02-17,9.5,9.5,9.5,9.5,6.687723636627197,40,PONNIERODE,,,Ponni Sugars (Erode) Limited
2004-02-18,9.600000381469728,10.0,9.600000381469728,9.699999809265137,6.828519344329834,700,PONNIERODE,,,Ponni Sugars (Erode) Limited
2004-02-19,9.699999809265137,9.699999809265137,9.699999809265137,9.699999809265137,6.828519344329834,0,PONNIERODE,,,Ponni Sugars (Erode) Limited
2004-02-20,9.699999809265137,9.699999809265137,9.699999809265137,9.699999809265137,6.828519344329834,0,PONNIERODE,,,Ponni Sugars (Erode) Limited
2004-02-23,9.699999809265137,9.699999809265137,9.699999809265137,9.699999809265137,6.828519344329834,0,PONNIERODE,,,Ponni Sugars (Erode) Limited
2004-02-24,9.699999809265137,9.699999809265137,9.699999809265137,9.699999809265137,6.828519344329834,0,PONNIERODE,,,Ponni Sugars (Erode) Limited
2004-02-25,10.25,11.0,10.25,11.0,7.743680477142334,120,PONNIERODE,,,Ponni Sugars (Erode) Limited
2004-02-26,10.0,12.0,10.0,12.0,8.447652816772461,1081,PONNIERODE,,,Ponni Sugars (Erode) Limited
2004-02-27,12.399999618530272,12.399999618530272,11.050000190734863,11.100000381469728,7.814079284667969,463,PONNIERODE,,,Ponni Sugars (Erode) Limited
2004-03-01,11.75,11.75,10.550000190734863,10.550000190734863,7.426896572113037,116,PONNIERODE,,,Ponni Sugars (Erode) Limited
2004-03-02,10.550000190734863,10.550000190734863,10.550000190734863,10.550000190734863,7.426896572113037,0,PONNIERODE,,,Ponni Sugars (Erode) Limited
2004-03-03,10.0,11.5,10.0,11.5,8.09566593170166,400,PONNIERODE,,,Ponni Sugars (Erode) Limited
2004-03-04,11.5,11.5,11.0,11.0,7.743680477142334,3700,PONNIERODE,,,Ponni Sugars (Erode) Limited
2004-03-05,12.0,12.0,11.300000190734863,11.600000381469728,8.166064262390137,3,PONNIERODE,,,Ponni Sugars (Erode) Limited
2004-03-08,10.850000381469728,11.0,10.850000381469728,11.0,7.743680477142334,444,PONNIERODE,,,Ponni Sugars (Erode) Limited
2004-03-09,11.0,11.0,9.800000190734863,9.800000190734863,6.898916244506836,160,PONNIERODE,,,Ponni Sugars (Erode) Limited
2004-03-10,11.050000190734863,11.050000190734863,11.050000190734863,11.050000190734863,7.778879165649414,50,PONNIERODE,,,Ponni Sugars (Erode) Limited
2004-03-11,9.75,11.0,9.75,11.0,7.743680477142334,120,PONNIERODE,,,Ponni Sugars (Erode) Limited
2004-03-12,9.5,11.5,9.5,11.0,7.743680477142334,2200,PONNIERODE,,,Ponni Sugars (Erode) Limited
2004-03-15,11.399999618530272,11.5,11.399999618530272,11.449999809265137,8.060467720031738,90,PONNIERODE,,,Ponni Sugars (Erode) Limited
2004-03-16,11.0,11.0,10.149999618530272,10.149999618530272,7.145306587219238,1000,PONNIERODE,,,Ponni Sugars (Erode) Limited
2004-03-17,11.0,11.0,11.0,11.0,7.743680477142334,1000,PONNIERODE,,,Ponni Sugars (Erode) Limited
2004-03-18,11.0,11.0,11.0,11.0,7.743680477142334,100,PONNIERODE,,,Ponni Sugars (Erode) Limited
2004-03-19,10.5,10.5,10.050000190734863,10.25,7.215704917907715,1160,PONNIERODE,,,Ponni Sugars (Erode) Limited
2004-03-22,10.050000190734863,10.050000190734863,10.050000190734863,10.050000190734863,7.074909210205078,500,PONNIERODE,,,Ponni Sugars (Erode) Limited
2004-03-23,10.050000190734863,10.050000190734863,10.050000190734863,10.050000190734863,7.074909210205078,0,PONNIERODE,,,Ponni Sugars (Erode) Limited
2004-03-24,9.550000190734863,9.550000190734863,9.5,9.5,6.687723636627197,400,PONNIERODE,,,Ponni Sugars (Erode) Limited
2004-03-25,9.5,9.5,9.25,9.300000190734863,6.546929836273193,5400,PONNIERODE,,,Ponni Sugars (Erode) Limited
2004-03-26,9.300000190734863,9.300000190734863,9.300000190734863,9.300000190734863,6.546929836273193,0,PONNIERODE,,,Ponni Sugars (Erode) Limited
2004-03-29,9.300000190734863,9.300000190734863,9.300000190734863,9.300000190734863,6.546929836273193,0,PONNIERODE,,,Ponni Sugars (Erode) Limited
2004-03-30,9.25,9.25,9.25,9.25,6.51173210144043,22,PONNIERODE,,,Ponni Sugars (Erode) Limited
2004-03-31,9.25,9.25,9.25,9.25,6.51173210144043,0,PONNIERODE,,,Ponni Sugars (Erode) Limited
2004-04-01,11.100000381469728,11.100000381469728,11.100000381469728,11.100000381469728,7.814079284667969,200,PONNIERODE,,,Ponni Sugars (Erode) Limited
2004-04-02,9.75,10.100000381469728,9.75,10.100000381469728,7.110108375549316,80,PONNIERODE,,,Ponni Sugars (Erode) Limited
2004-04-05,10.149999618530272,11.399999618530272,10.149999618530272,11.399999618530272,8.0252685546875,200,PONNIERODE,,,Ponni Sugars (Erode) Limited
2004-04-06,10.199999809265137,10.199999809265137,10.199999809265137,10.199999809265137,7.180506229400635,260,PONNIERODE,,,Ponni Sugars (Erode) Limited
2004-04-07,11.5,12.199999809265137,11.5,12.199999809265137,8.588448524475098,150,PONNIERODE,,,Ponni Sugars (Erode) Limited
2004-04-08,12.5,14.5,11.25,14.350000381469728,10.101984977722168,4700,PONNIERODE,,,Ponni Sugars (Erode) Limited
2004-04-09,14.350000381469728,14.350000381469728,14.350000381469728,14.350000381469728,10.101984977722168,0,PONNIERODE,,,Ponni Sugars (Erode) Limited
2004-04-12,15.0,15.399999618530272,14.550000190734863,14.899999618530272,10.489166259765623,3400,PONNIERODE,,,Ponni Sugars (Erode) Limited
2004-04-13,14.5,17.0,13.100000381469728,16.200000762939453,11.40433120727539,24800,PONNIERODE,,,Ponni Sugars (Erode) Limited
2004-04-14,16.200000762939453,16.200000762939453,16.200000762939453,16.200000762939453,11.40433120727539,0,PONNIERODE,,,Ponni Sugars (Erode) Limited
2004-04-15,17.0,19.39999961853028,16.0,17.049999237060547,12.00270652770996,25400,PONNIERODE,,,Ponni Sugars (Erode) Limited
2004-04-16,18.100000381469727,20.5,18.100000381469727,19.950000762939453,14.044221878051758,44008,PONNIERODE,,,Ponni Sugars (Erode) Limited
2004-04-19,23.0,23.950000762939453,19.75,20.049999237060547,14.114615440368652,40000,PONNIERODE,,,Ponni Sugars (Erode) Limited
2004-04-20,18.75,20.0,18.100000381469727,18.600000381469727,13.093859672546388,17600,PONNIERODE,,,Ponni Sugars (Erode) Limited
2004-04-21,19.0,19.549999237060547,19.0,19.549999237060547,13.762633323669434,7900,PONNIERODE,,,Ponni Sugars (Erode) Limited
2004-04-22,20.549999237060547,20.549999237060547,20.5,20.549999237060547,14.46660327911377,15000,PONNIERODE,,,Ponni Sugars (Erode) Limited
2004-04-23,21.600000381469727,21.600000381469727,19.549999237060547,19.549999237060547,13.762633323669434,16000,PONNIERODE,,,Ponni Sugars (Erode) Limited
2004-04-27,19.299999237060547,19.299999237060547,18.600000381469727,18.89999961853028,13.305052757263184,1900,PONNIERODE,,,Ponni Sugars (Erode) Limited
2004-04-28,19.0,19.25,17.950000762939453,18.950000762939453,13.340250015258787,8700,PONNIERODE,,,Ponni Sugars (Erode) Limited
2004-04-29,19.549999237060547,19.549999237060547,18.25,18.350000381469727,12.917868614196776,6800,PONNIERODE,,,Ponni Sugars (Erode) Limited
2004-04-30,19.25,19.299999237060547,19.25,19.299999237060547,13.586641311645508,3900,PONNIERODE,,,Ponni Sugars (Erode) Limited
2004-05-03,18.600000381469727,19.75,18.5,18.700000762939453,13.164255142211914,3500,PONNIERODE,,,Ponni Sugars (Erode) Limited
2004-05-04,19.39999961853028,19.600000381469727,18.64999961853028,18.700000762939453,13.164255142211914,6700,PONNIERODE,,,Ponni Sugars (Erode) Limited
2004-05-05,19.0,19.0,17.799999237060547,17.950000762939453,12.63628101348877,13600,PONNIERODE,,,Ponni Sugars (Erode) Limited
2004-05-06,17.149999618530273,18.049999237060547,17.049999237060547,17.649999618530273,12.425088882446287,15200,PONNIERODE,,,Ponni Sugars (Erode) Limited
2004-05-07,16.899999618530273,18.0,16.799999237060547,16.950000762939453,11.9323091506958,7000,PONNIERODE,,,Ponni Sugars (Erode) Limited
2004-05-10,17.0,17.049999237060547,17.0,17.049999237060547,12.00270652770996,300,PONNIERODE,,,Ponni Sugars (Erode) Limited
2004-05-11,16.600000381469727,17.450000762939453,16.200000762939453,16.200000762939453,11.40433120727539,3400,PONNIERODE,,,Ponni Sugars (Erode) Limited
2004-05-12,16.25,16.950000762939453,15.699999809265137,16.049999237060547,11.298734664916992,4000,PONNIERODE,,,Ponni Sugars (Erode) Limited
2004-05-13,16.5,16.799999237060547,15.25,16.75,11.791515350341797,2200,PONNIERODE,,,Ponni Sugars (Erode) Limited
2004-05-14,17.299999237060547,17.299999237060547,16.850000381469727,16.850000381469727,11.861913681030272,1000,PONNIERODE,,,Ponni Sugars (Erode) Limited
2004-05-17,16.850000381469727,16.850000381469727,16.850000381469727,16.850000381469727,11.861913681030272,500,PONNIERODE,,,Ponni Sugars (Erode) Limited
2004-05-18,16.350000381469727,16.350000381469727,16.350000381469727,16.350000381469727,11.509926795959473,10,PONNIERODE,,,Ponni Sugars (Erode) Limited
2004-05-19,16.0,16.0,16.0,16.0,11.26353645324707,200,PONNIERODE,,,Ponni Sugars (Erode) Limited
2004-05-20,16.0,16.5,15.25,15.25,10.735557556152344,2700,PONNIERODE,,,Ponni Sugars (Erode) Limited
2004-05-21,16.0,16.0,15.75,15.75,11.087546348571776,2,PONNIERODE,,,Ponni Sugars (Erode) Limited
2004-05-24,15.75,16.5,15.75,15.800000190734863,11.12274169921875,900,PONNIERODE,,,Ponni Sugars (Erode) Limited
2004-05-25,16.5,16.5,15.550000190734863,16.0,11.26353645324707,874,PONNIERODE,,,Ponni Sugars (Erode) Limited
2004-05-26,16.5,16.5,15.25,16.149999618530273,11.369132995605469,3300,PONNIERODE,,,Ponni Sugars (Erode) Limited
2004-05-27,16.899999618530273,16.899999618530273,15.350000381469728,16.0,11.26353645324707,853,PONNIERODE,,,Ponni Sugars (Erode) Limited
2004-05-28,15.5,15.949999809265137,15.199999809265137,15.75,11.087546348571776,1900,PONNIERODE,,,Ponni Sugars (Erode) Limited
2004-05-31,16.0,16.0,15.0,15.0,10.559565544128418,1500,PONNIERODE,,,Ponni Sugars (Erode) Limited
2004-06-01,15.649999618530272,15.649999618530272,14.449999809265137,14.550000190734863,10.242780685424805,600,PONNIERODE,,,Ponni Sugars (Erode) Limited
2004-06-02,14.5,15.25,14.149999618530272,15.0,10.559565544128418,353,PONNIERODE,,,Ponni Sugars (Erode) Limited
2004-06-03,15.0,15.0,15.0,15.0,10.559565544128418,0,PONNIERODE,,,Ponni Sugars (Erode) Limited
2004-06-04,15.0,15.0,15.0,15.0,10.559565544128418,0,PONNIERODE,,,Ponni Sugars (Erode) Limited
2004-06-07,15.0,15.0,15.0,15.0,10.559565544128418,0,PONNIERODE,,,Ponni Sugars (Erode) Limited
2004-06-08,15.699999809265137,15.699999809265137,15.699999809265137,15.699999809265137,11.052345275878906,100,PONNIERODE,,,Ponni Sugars (Erode) Limited
2004-06-09,15.699999809265137,15.699999809265137,15.699999809265137,15.699999809265137,11.052345275878906,0,PONNIERODE,,,Ponni Sugars (Erode) Limited
2004-06-10,15.100000381469728,15.100000381469728,15.0,15.0,10.559565544128418,400,PONNIERODE,,,Ponni Sugars (Erode) Limited
2004-06-11,15.149999618530272,15.149999618530272,14.25,14.25,10.031587600708008,1600,PONNIERODE,,,Ponni Sugars (Erode) Limited
2004-06-14,14.649999618530272,14.649999618530272,13.649999618530272,13.75,9.679600715637209,1100,PONNIERODE,,,Ponni Sugars (Erode) Limited
2004-06-15,13.199999809265137,13.199999809265137,13.149999618530272,13.199999809265137,9.292418479919434,115,PONNIERODE,,,Ponni Sugars (Erode) Limited
2004-06-16,13.800000190734863,13.800000190734863,13.050000190734863,13.050000190734863,9.18682098388672,100,PONNIERODE,,,Ponni Sugars (Erode) Limited
2004-06-17,12.899999618530272,13.0,12.899999618530272,13.0,9.151623725891112,550,PONNIERODE,,,Ponni Sugars (Erode) Limited
2004-06-18,13.5,13.649999618530272,13.5,13.649999618530272,9.60920238494873,500,PONNIERODE,,,Ponni Sugars (Erode) Limited
2004-06-21,13.0,13.0,13.0,13.0,9.151623725891112,300,PONNIERODE,,,Ponni Sugars (Erode) Limited
2004-06-22,12.5,12.5,12.5,12.5,8.799638748168945,20,PONNIERODE,,,Ponni Sugars (Erode) Limited
2004-06-23,11.899999618530272,13.0,11.899999618530272,12.0,8.447652816772461,2400,PONNIERODE,,,Ponni Sugars (Erode) Limited
2004-06-24,11.5,11.5,11.399999618530272,11.399999618530272,8.0252685546875,382,PONNIERODE,,,Ponni Sugars (Erode) Limited
2004-06-25,10.899999618530272,11.5,10.899999618530272,11.5,8.09566593170166,900,PONNIERODE,,,Ponni Sugars (Erode) Limited
2004-06-28,12.0,12.100000381469728,11.149999618530272,11.800000190734863,8.30685806274414,390,PONNIERODE,,,Ponni Sugars (Erode) Limited
2004-06-29,12.350000381469728,12.399999618530272,12.199999809265137,12.25,8.623645782470703,400,PONNIERODE,,,Ponni Sugars (Erode) Limited
2004-06-30,12.850000381469728,12.850000381469728,12.350000381469728,12.350000381469728,8.694042205810547,230,PONNIERODE,,,Ponni Sugars (Erode) Limited
2004-07-01,12.850000381469728,12.949999809265137,12.850000381469728,12.949999809265137,9.116426467895508,150,PONNIERODE,,,Ponni Sugars (Erode) Limited
2004-07-02,12.850000381469728,13.0,12.550000190734863,12.899999618530272,9.08122730255127,800,PONNIERODE,,,Ponni Sugars (Erode) Limited
2004-07-05,12.5,12.5,12.25,12.25,8.623645782470703,1600,PONNIERODE,,,Ponni Sugars (Erode) Limited
2004-07-06,11.75,11.75,11.75,11.75,8.271659851074219,40,PONNIERODE,,,Ponni Sugars (Erode) Limited
2004-07-07,12.350000381469728,12.350000381469728,12.350000381469728,12.350000381469728,8.694042205810547,395,PONNIERODE,,,Ponni Sugars (Erode) Limited
2004-07-08,12.949999809265137,12.949999809265137,12.949999809265137,12.949999809265137,9.116426467895508,100,PONNIERODE,,,Ponni Sugars (Erode) Limited
2004-07-09,12.5,12.5,12.300000190734863,12.300000190734863,8.658844947814941,58,PONNIERODE,,,Ponni Sugars (Erode) Limited
2004-07-12,12.0,12.5,11.949999809265137,12.5,8.799638748168945,780,PONNIERODE,,,Ponni Sugars (Erode) Limited
2004-07-13,12.0,12.0,11.899999618530272,11.899999618530272,8.377254486083984,100,PONNIERODE,,,Ponni Sugars (Erode) Limited
2004-07-14,12.0,12.449999809265137,11.75,12.449999809265137,8.764439582824707,650,PONNIERODE,,,Ponni Sugars (Erode) Limited
2004-07-15,12.699999809265137,13.0,12.199999809265137,12.550000190734863,8.834836959838867,1000,PONNIERODE,,,Ponni Sugars (Erode) Limited
2004-07-16,13.050000190734863,13.050000190734863,11.949999809265137,12.5,8.799638748168945,2200,PONNIERODE,,,Ponni Sugars (Erode) Limited
2004-07-19,12.0,12.550000190734863,12.0,12.550000190734863,8.834836959838867,1100,PONNIERODE,,,Ponni Sugars (Erode) Limited
2004-07-20,12.149999618530272,13.0,12.149999618530272,12.949999809265137,9.116426467895508,685,PONNIERODE,,,Ponni Sugars (Erode) Limited
2004-07-21,13.25,13.25,12.649999618530272,13.199999809265137,9.292418479919434,1200,PONNIERODE,,,Ponni Sugars (Erode) Limited
2004-07-22,13.0,13.350000381469728,13.0,13.0,9.151623725891112,1800,PONNIERODE,,,Ponni Sugars (Erode) Limited
2004-07-23,13.5,13.5,12.399999618530272,13.25,9.327616691589355,135,PONNIERODE,,,Ponni Sugars (Erode) Limited
2004-07-26,13.0,13.949999809265137,13.0,13.699999809265137,9.644402503967283,4000,PONNIERODE,,,Ponni Sugars (Erode) Limited
2004-07-27,14.0,14.0,13.25,13.949999809265137,9.820395469665527,1884,PONNIERODE,,,Ponni Sugars (Erode) Limited
2004-07-28,13.699999809265137,14.050000190734863,13.699999809265137,14.050000190734863,9.89079475402832,1400,PONNIERODE,,,Ponni Sugars (Erode) Limited
2004-07-29,14.199999809265137,14.25,13.800000190734863,14.0,9.855595588684082,3500,PONNIERODE,,,Ponni Sugars (Erode) Limited
2004-07-30,14.0,14.199999809265137,13.800000190734863,13.899999618530272,9.785197257995604,4200,PONNIERODE,,,Ponni Sugars (Erode) Limited
2004-08-02,13.449999809265137,13.649999618530272,13.449999809265137,13.550000190734863,9.538806915283203,300,PONNIERODE,,,Ponni Sugars (Erode) Limited
2004-08-03,13.600000381469728,14.0,13.199999809265137,13.75,9.679600715637209,973,PONNIERODE,,,Ponni Sugars (Erode) Limited
2004-08-04,14.0,14.449999809265137,14.0,14.449999809265137,10.172382354736328,21600,PONNIERODE,,,Ponni Sugars (Erode) Limited
2004-08-05,15.199999809265137,15.199999809265137,15.199999809265137,15.199999809265137,10.700360298156738,2700,PONNIERODE,,,Ponni Sugars (Erode) Limited
2004-08-06,15.949999809265137,16.0,15.25,15.350000381469728,10.805954933166504,25300,PONNIERODE,,,Ponni Sugars (Erode) Limited
2004-08-09,14.600000381469728,15.75,14.600000381469728,15.449999809265137,10.876352310180664,4200,PONNIERODE,,,Ponni Sugars (Erode) Limited
2004-08-10,15.800000190734863,16.0,14.800000190734863,15.25,10.735557556152344,9100,PONNIERODE,,,Ponni Sugars (Erode) Limited
2004-08-11,14.949999809265137,15.199999809265137,14.600000381469728,15.0,10.559565544128418,8000,PONNIERODE,,,Ponni Sugars (Erode) Limited
2004-08-12,14.75,14.850000381469728,14.25,14.300000190734863,10.066786766052246,3044,PONNIERODE,,,Ponni Sugars (Erode) Limited
2004-08-13,13.75,15.0,13.75,14.350000381469728,10.101984977722168,3400,PONNIERODE,,,Ponni Sugars (Erode) Limited
2004-08-16,13.899999618530272,14.75,13.899999618530272,14.399999618530272,10.13718318939209,10,PONNIERODE,,,Ponni Sugars (Erode) Limited
2004-08-17,14.399999618530272,14.800000190734863,14.0,14.800000190734863,10.41877269744873,900,PONNIERODE,,,Ponni Sugars (Erode) Limited
2004-08-18,14.100000381469728,15.449999809265137,14.100000381469728,14.800000190734863,10.41877269744873,4900,PONNIERODE,,,Ponni Sugars (Erode) Limited
2004-08-19,14.850000381469728,15.199999809265137,14.449999809265137,14.550000190734863,10.242780685424805,2200,PONNIERODE,,,Ponni Sugars (Erode) Limited
2004-08-20,14.399999618530272,15.199999809265137,14.399999618530272,15.0,10.559565544128418,1290,PONNIERODE,,,Ponni Sugars (Erode) Limited
2004-08-23,14.399999618530272,15.149999618530272,14.399999618530272,14.550000190734863,10.242780685424805,1073,PONNIERODE,,,Ponni Sugars (Erode) Limited
2004-08-24,14.300000190734863,14.5,14.0,14.050000190734863,9.89079475402832,2900,PONNIERODE,,,Ponni Sugars (Erode) Limited
2004-08-25,14.399999618530272,14.399999618530272,13.899999618530272,14.0,9.855595588684082,1700,PONNIERODE,,,Ponni Sugars (Erode) Limited
2004-08-26,14.699999809265137,14.699999809265137,14.25,14.699999809265137,10.34837245941162,1900,PONNIERODE,,,Ponni Sugars (Erode) Limited
2004-08-27,15.300000190734863,15.300000190734863,14.899999618530272,15.149999618530272,10.665163040161133,3100,PONNIERODE,,,Ponni Sugars (Erode) Limited
2004-08-30,15.949999809265137,15.949999809265137,15.0,15.399999618530272,10.84115505218506,26300,PONNIERODE,,,Ponni Sugars (Erode) Limited
2004-08-31,15.899999618530272,16.200000762939453,15.5,16.200000762939453,11.40433120727539,31200,PONNIERODE,,,Ponni Sugars (Erode) Limited
2004-09-01,17.0,17.049999237060547,17.0,17.049999237060547,12.00270652770996,82800,PONNIERODE,,,Ponni Sugars (Erode) Limited
2004-09-02,17.0,17.899999618530273,17.0,17.600000381469727,12.38988971710205,81300,PONNIERODE,,,Ponni Sugars (Erode) Limited
2004-09-03,16.799999237060547,17.649999618530273,16.75,16.850000381469727,11.861913681030272,23200,PONNIERODE,,,Ponni Sugars (Erode) Limited
2004-09-06,16.950000762939453,16.950000762939453,16.25,16.399999618530273,11.545125961303713,12800,PONNIERODE,,,Ponni Sugars (Erode) Limited
2004-09-07,16.399999618530273,16.5,16.100000381469727,16.200000762939453,11.40433120727539,8400,PONNIERODE,,,Ponni Sugars (Erode) Limited
2004-09-08,16.149999618530273,17.049999237060547,16.149999618530273,16.950000762939453,11.9323091506958,9300,PONNIERODE,,,Ponni Sugars (Erode) Limited
2004-09-09,17.100000381469727,17.100000381469727,16.399999618530273,16.950000762939453,11.9323091506958,4300,PONNIERODE,,,Ponni Sugars (Erode) Limited
2004-09-10,17.0,17.0,16.299999237060547,16.549999237060547,11.650720596313477,12191,PONNIERODE,,,Ponni Sugars (Erode) Limited
2004-09-13,16.950000762939453,17.399999618530273,16.5,16.700000762939453,11.756319046020508,15600,PONNIERODE,,,Ponni Sugars (Erode) Limited
2004-09-14,17.149999618530273,17.549999237060547,16.799999237060547,17.25,12.143499374389648,20600,PONNIERODE,,,Ponni Sugars (Erode) Limited
2004-09-15,17.899999618530273,18.14999961853028,17.0,17.899999618530273,12.601079940795898,31600,PONNIERODE,,,Ponni Sugars (Erode) Limited
2004-09-16,17.950000762939453,18.25,17.0,17.049999237060547,12.00270652770996,14500,PONNIERODE,,,Ponni Sugars (Erode) Limited
2004-09-17,17.200000762939453,17.5,16.5,16.850000381469727,11.861913681030272,25000,PONNIERODE,,,Ponni Sugars (Erode) Limited
2004-09-20,16.950000762939453,17.350000381469727,16.200000762939453,16.399999618530273,11.545125961303713,15300,PONNIERODE,,,Ponni Sugars (Erode) Limited
2004-09-21,16.350000381469727,17.25,16.25,16.549999237060547,11.650720596313477,7700,PONNIERODE,,,Ponni Sugars (Erode) Limited
2004-09-22,16.5,16.700000762939453,16.0,16.200000762939453,11.40433120727539,5900,PONNIERODE,,,Ponni Sugars (Erode) Limited
2004-09-23,16.350000381469727,16.450000762939453,15.949999809265137,16.0,11.26353645324707,3800,PONNIERODE,,,Ponni Sugars (Erode) Limited
2004-09-24,16.5,16.5,16.25,16.25,11.439528465270996,11000,PONNIERODE,,,Ponni Sugars (Erode) Limited
2004-09-27,16.75,17.100000381469727,16.299999237060547,17.0,11.967506408691406,50500,PONNIERODE,,,Ponni Sugars (Erode) Limited
2004-09-28,17.25,17.850000381469727,17.25,17.850000381469727,12.565882682800291,103800,PONNIERODE,,,Ponni Sugars (Erode) Limited
2004-09-29,18.600000381469727,18.600000381469727,17.25,17.549999237060547,12.354689598083496,52100,PONNIERODE,,,Ponni Sugars (Erode) Limited
2004-09-30,17.5,17.899999618530273,16.799999237060547,17.0,11.967506408691406,26800,PONNIERODE,,,Ponni Sugars (Erode) Limited
2004-10-01,17.049999237060547,17.399999618530273,17.049999237060547,17.149999618530273,12.073102951049805,4800,PONNIERODE,,,Ponni Sugars (Erode) Limited
2004-10-04,17.350000381469727,17.600000381469727,17.0,17.149999618530273,12.073102951049805,7600,PONNIERODE,,,Ponni Sugars (Erode) Limited
2004-10-05,16.850000381469727,17.100000381469727,16.299999237060547,17.100000381469727,12.037906646728516,4300,PONNIERODE,,,Ponni Sugars (Erode) Limited
2004-10-06,17.799999237060547,17.799999237060547,17.0,17.450000762939453,12.284296989440918,17200,PONNIERODE,,,Ponni Sugars (Erode) Limited
2004-10-07,17.700000762939453,17.950000762939453,17.0,17.25,12.143499374389648,28400,PONNIERODE,,,Ponni Sugars (Erode) Limited
2004-10-08,17.5,17.700000762939453,17.299999237060547,17.5,12.31949234008789,15126,PONNIERODE,,,Ponni Sugars (Erode) Limited
2004-10-11,17.799999237060547,18.450000762939453,17.649999618530273,18.100000381469727,12.741875648498535,62400,PONNIERODE,,,Ponni Sugars (Erode) Limited
2004-10-12,18.850000381469727,18.850000381469727,17.299999237060547,17.450000762939453,12.284296989440918,17200,PONNIERODE,,,Ponni Sugars (Erode) Limited
2004-10-14,17.200000762939453,18.200000762939453,17.0,17.049999237060547,12.00270652770996,14800,PONNIERODE,,,Ponni Sugars (Erode) Limited
2004-10-15,17.799999237060547,17.899999618530273,17.700000762939453,17.75,12.495484352111816,32876,PONNIERODE,,,Ponni Sugars (Erode) Limited
2004-10-18,18.0,18.100000381469727,17.0,17.100000381469727,12.037906646728516,12600,PONNIERODE,,,Ponni Sugars (Erode) Limited
2004-10-19,17.799999237060547,17.799999237060547,16.75,17.0,11.967506408691406,8900,PONNIERODE,,,Ponni Sugars (Erode) Limited
2004-10-20,17.299999237060547,17.299999237060547,16.799999237060547,16.950000762939453,11.9323091506958,2700,PONNIERODE,,,Ponni Sugars (Erode) Limited
2004-10-21,17.0,17.0,16.100000381469727,16.100000381469727,11.333934783935549,17000,PONNIERODE,,,Ponni Sugars (Erode) Limited
2004-10-22,16.100000381469727,16.100000381469727,16.100000381469727,16.100000381469727,11.333934783935549,0,PONNIERODE,,,Ponni Sugars (Erode) Limited
2004-10-25,16.100000381469727,16.850000381469727,15.75,15.800000190734863,11.12274169921875,6100,PONNIERODE,,,Ponni Sugars (Erode) Limited
2004-10-26,16.399999618530273,16.600000381469727,15.949999809265137,16.0,11.26353645324707,10800,PONNIERODE,,,Ponni Sugars (Erode) Limited
2004-10-27,16.649999618530273,17.600000381469727,16.5,16.950000762939453,11.9323091506958,24100,PONNIERODE,,,Ponni Sugars (Erode) Limited
2004-10-28,16.899999618530273,17.600000381469727,16.0,17.149999618530273,12.073102951049805,28000,PONNIERODE,,,Ponni Sugars (Erode) Limited
2004-10-29,16.450000762939453,17.799999237060547,16.200000762939453,17.0,11.967506408691406,33434,PONNIERODE,,,Ponni Sugars (Erode) Limited
2004-11-01,16.75,18.0,16.5,16.850000381469727,11.861913681030272,37200,PONNIERODE,,,Ponni Sugars (Erode) Limited
2004-11-02,17.700000762939453,17.700000762939453,16.5,16.649999618530273,11.72111701965332,11700,PONNIERODE,,,Ponni Sugars (Erode) Limited
2004-11-03,17.25,17.299999237060547,16.399999618530273,16.5,11.615523338317873,25000,PONNIERODE,,,Ponni Sugars (Erode) Limited
2004-11-04,16.549999237060547,17.350000381469727,16.149999618530273,16.350000381469727,11.509926795959473,30700,PONNIERODE,,,Ponni Sugars (Erode) Limited
2004-11-05,16.75,16.799999237060547,16.0,16.0,11.26353645324707,12100,PONNIERODE,,,Ponni Sugars (Erode) Limited
2004-11-08,16.25,16.549999237060547,15.850000381469728,15.899999618530272,11.193138122558594,24300,PONNIERODE,,,Ponni Sugars (Erode) Limited
2004-11-09,16.049999237060547,16.049999237060547,15.600000381469728,16.0,11.26353645324707,13600,PONNIERODE,,,Ponni Sugars (Erode) Limited
2004-11-10,16.100000381469727,16.450000762939453,15.800000190734863,15.899999618530272,11.193138122558594,11400,PONNIERODE,,,Ponni Sugars (Erode) Limited
2004-11-11,14.600000381469728,17.0,14.600000381469728,16.450000762939453,11.58032512664795,32700,PONNIERODE,,,Ponni Sugars (Erode) Limited
2004-11-12,16.850000381469727,17.0,16.399999618530273,16.899999618530273,11.897109031677246,6700,PONNIERODE,,,Ponni Sugars (Erode) Limited
2004-11-15,16.899999618530273,16.899999618530273,16.899999618530273,16.899999618530273,11.897109031677246,0,PONNIERODE,,,Ponni Sugars (Erode) Limited
2004-11-16,16.899999618530273,17.25,16.5,16.600000381469727,11.685917854309082,26100,PONNIERODE,,,Ponni Sugars (Erode) Limited
2004-11-17,16.950000762939453,17.299999237060547,16.600000381469727,16.950000762939453,11.9323091506958,45200,PONNIERODE,,,Ponni Sugars (Erode) Limited
2004-11-18,17.100000381469727,17.899999618530273,16.799999237060547,16.899999618530273,11.897109031677246,34800,PONNIERODE,,,Ponni Sugars (Erode) Limited
2004-11-19,17.399999618530273,17.399999618530273,16.850000381469727,17.0,11.967506408691406,33519,PONNIERODE,,,Ponni Sugars (Erode) Limited
2004-11-22,17.25,18.700000762939453,16.899999618530273,18.5,13.02346420288086,91300,PONNIERODE,,,Ponni Sugars (Erode) Limited
2004-11-23,17.700000762939453,20.350000381469727,17.700000762939453,20.350000381469727,14.325809478759766,132700,PONNIERODE,,,Ponni Sugars (Erode) Limited
2004-11-24,22.0,22.39999961853028,21.700000762939453,22.39999961853028,15.76895236968994,229200,PONNIERODE,,,Ponni Sugars (Erode) Limited
2004-11-25,23.75,24.25,22.39999961853028,23.049999237060547,16.226531982421875,276900,PONNIERODE,,,Ponni Sugars (Erode) Limited
2004-11-26,23.049999237060547,23.049999237060547,23.049999237060547,23.049999237060547,16.226531982421875,0,PONNIERODE,,,Ponni Sugars (Erode) Limited
2004-11-29,23.89999961853028,25.39999961853028,23.450000762939453,25.39999961853028,17.8808650970459,241400,PONNIERODE,,,Ponni Sugars (Erode) Limited
2004-11-30,27.0,27.39999961853028,25.100000381469727,25.39999961853028,17.8808650970459,301700,PONNIERODE,,,Ponni Sugars (Erode) Limited
2004-12-01,26.700000762939453,26.700000762939453,23.850000381469727,24.5,17.247291564941406,98000,PONNIERODE,,,Ponni Sugars (Erode) Limited
2004-12-02,23.700000762939453,25.39999961853028,23.700000762939453,24.0,16.895305633544922,47500,PONNIERODE,,,Ponni Sugars (Erode) Limited
2004-12-03,24.64999961853028,26.0,24.0,24.600000381469727,17.317689895629883,142000,PONNIERODE,,,Ponni Sugars (Erode) Limited
2004-12-06,25.100000381469727,27.100000381469727,25.0,27.100000381469727,19.077613830566406,287300,PONNIERODE,,,Ponni Sugars (Erode) Limited
2004-12-07,28.75,29.25,26.549999237060547,27.89999961853028,19.64079093933105,220100,PONNIERODE,,,Ponni Sugars (Erode) Limited
2004-12-08,27.950000762939453,29.75,27.549999237060547,28.049999237060547,19.746383666992188,135600,PONNIERODE,,,Ponni Sugars (Erode) Limited
2004-12-09,28.89999961853028,30.89999961853028,28.049999237060547,30.89999961853028,21.752704620361328,316700,PONNIERODE,,,Ponni Sugars (Erode) Limited
2004-12-10,31.5,33.849998474121094,30.100000381469727,31.049999237060547,21.85830307006836,490000,PONNIERODE,,,Ponni Sugars (Erode) Limited
2004-12-13,30.5,33.0,30.5,31.14999961853028,21.928693771362305,233431,PONNIERODE,,,Ponni Sugars (Erode) Limited
2004-12-14,29.89999961853028,31.75,29.89999961853028,30.25,21.29512596130371,152200,PONNIERODE,,,Ponni Sugars (Erode) Limited
2004-12-15,31.0,31.89999961853028,29.0,29.64999961853028,20.87274169921875,145800,PONNIERODE,,,Ponni Sugars (Erode) Limited
2004-12-16,29.200000762939453,31.5,28.299999237060547,29.39999961853028,20.69674491882324,271900,PONNIERODE,,,Ponni Sugars (Erode) Limited
2004-12-17,29.950000762939453,30.89999961853028,29.14999961853028,29.39999961853028,20.69674491882324,95600,PONNIERODE,,,Ponni Sugars (Erode) Limited
2004-12-20,29.850000381469727,29.89999961853028,28.5,28.600000381469727,20.13357353210449,110700,PONNIERODE,,,Ponni Sugars (Erode) Limited
2004-12-21,28.0,29.64999961853028,28.0,28.600000381469727,20.13357353210449,58600,PONNIERODE,,,Ponni Sugars (Erode) Limited
2004-12-22,28.64999961853028,28.89999961853028,27.600000381469727,27.850000381469727,19.605592727661133,46900,PONNIERODE,,,Ponni Sugars (Erode) Limited
2004-12-23,28.0,29.89999961853028,28.0,29.39999961853028,20.69674491882324,119700,PONNIERODE,,,Ponni Sugars (Erode) Limited
2004-12-24,30.89999961853028,30.89999961853028,29.200000762939453,29.549999237060547,20.802345275878903,116000,PONNIERODE,,,Ponni Sugars (Erode) Limited
2004-12-27,29.200000762939453,29.850000381469727,28.5,28.850000381469727,20.3095645904541,47500,PONNIERODE,,,Ponni Sugars (Erode) Limited
2004-12-28,29.75,30.350000381469727,29.0,30.0,21.11913108825684,132701,PONNIERODE,,,Ponni Sugars (Erode) Limited
2004-12-29,30.0,30.700000762939453,29.100000381469727,29.39999961853028,20.69674491882324,160100,PONNIERODE,,,Ponni Sugars (Erode) Limited
2004-12-30,29.89999961853028,30.25,28.25,28.549999237060547,20.098371505737305,92000,PONNIERODE,,,Ponni Sugars (Erode) Limited
2004-12-31,29.299999237060547,30.5,29.049999237060547,30.25,21.29512596130371,148100,PONNIERODE,,,Ponni Sugars (Erode) Limited
2005-01-03,31.0,33.29999923706055,30.700000762939453,33.25,23.40703773498535,377800,PONNIERODE,,,Ponni Sugars (Erode) Limited
2005-01-04,34.79999923706055,35.0,33.099998474121094,33.650001525878906,23.688623428344727,248800,PONNIERODE,,,Ponni Sugars (Erode) Limited
2005-01-05,33.900001525878906,34.650001525878906,30.350000381469727,31.89999961853028,22.45667266845703,263000,PONNIERODE,,,Ponni Sugars (Erode) Limited
2005-01-06,32.0,34.25,29.25,31.549999237060547,22.210289001464844,163300,PONNIERODE,,,Ponni Sugars (Erode) Limited
2005-01-07,31.75,31.850000381469727,30.5,31.25,21.99909400939941,65700,PONNIERODE,,,Ponni Sugars (Erode) Limited
2005-01-10,31.25,34.25,31.0,32.5,22.879056930541992,235500,PONNIERODE,,,Ponni Sugars (Erode) Limited
2005-01-11,31.14999961853028,32.400001525878906,30.5,31.049999237060547,21.85830307006836,84300,PONNIERODE,,,Ponni Sugars (Erode) Limited
2005-01-12,32.0,33.0,28.700000762939453,28.89999961853028,20.344764709472656,59300,PONNIERODE,,,Ponni Sugars (Erode) Limited
2005-01-13,29.89999961853028,30.950000762939453,29.299999237060547,30.450000762939453,21.43591690063477,34000,PONNIERODE,,,Ponni Sugars (Erode) Limited
2005-01-14,30.100000381469727,33.04999923706055,30.0,31.89999961853028,22.45667266845703,152300,PONNIERODE,,,Ponni Sugars (Erode) Limited
2005-01-17,32.79999923706055,32.79999923706055,30.299999237060547,30.950000762939453,21.78790664672852,51900,PONNIERODE,,,Ponni Sugars (Erode) Limited
2005-01-18,31.0,31.450000762939453,30.25,30.64999961853028,21.57671165466309,20200,PONNIERODE,,,Ponni Sugars (Erode) Limited
2005-01-19,30.299999237060547,32.25,30.049999237060547,30.25,21.29512596130371,44200,PONNIERODE,,,Ponni Sugars (Erode) Limited
2005-01-20,30.0,30.5,29.0,29.64999961853028,20.87274169921875,29500,PONNIERODE,,,Ponni Sugars (Erode) Limited
2005-01-24,30.100000381469727,30.200000762939453,28.600000381469727,29.350000381469727,20.66154861450196,18144,PONNIERODE,,,Ponni Sugars (Erode) Limited
2005-01-25,29.049999237060547,29.89999961853028,29.0,29.700000762939453,20.907939910888672,10200,PONNIERODE,,,Ponni Sugars (Erode) Limited
2005-01-27,29.600000381469727,32.25,29.600000381469727,31.700000762939453,22.315879821777344,60200,PONNIERODE,,,Ponni Sugars (Erode) Limited
2005-01-28,32.150001525878906,33.0,31.14999961853028,32.0,22.52707290649414,100200,PONNIERODE,,,Ponni Sugars (Erode) Limited
2005-01-31,33.400001525878906,34.20000076293945,31.950000762939453,32.150001525878906,22.63266944885254,124700,PONNIERODE,,,Ponni Sugars (Erode) Limited
2005-02-01,32.150001525878906,35.400001525878906,31.0,35.400001525878906,24.92057991027832,311200,PONNIERODE,,,Ponni Sugars (Erode) Limited
2005-02-02,36.0,38.95000076293945,36.0,38.95000076293945,27.419675827026367,572000,PONNIERODE,,,Ponni Sugars (Erode) Limited
2005-02-03,40.0,42.84999847412109,40.0,41.09999847412109,28.93320655822754,624500,PONNIERODE,,,Ponni Sugars (Erode) Limited
2005-02-04,41.79999923706055,43.59999847412109,38.75,41.70000076293945,29.355592727661133,608800,PONNIERODE,,,Ponni Sugars (Erode) Limited
2005-02-07,41.95000076293945,43.09999847412109,40.09999847412109,40.34999847412109,28.40522575378418,261000,PONNIERODE,,,Ponni Sugars (Erode) Limited
2005-02-08,41.34999847412109,41.70000076293945,40.20000076293945,40.54999923706055,28.54602432250977,125200,PONNIERODE,,,Ponni Sugars (Erode) Limited
2005-02-09,41.34999847412109,41.79999923706055,39.25,39.59999847412109,27.87725257873535,75700,PONNIERODE,,,Ponni Sugars (Erode) Limited
2005-02-10,39.5,39.79999923706055,37.54999923706055,38.25,26.92689514160156,89100,PONNIERODE,,,Ponni Sugars (Erode) Limited
2005-02-11,38.0,38.75,36.54999923706055,36.900001525878906,25.976533889770508,78300,PONNIERODE,,,Ponni Sugars (Erode) Limited
2005-02-14,35.75,38.5,35.5,36.5,25.6949405670166,56200,PONNIERODE,,,Ponni Sugars (Erode) Limited
2005-02-15,35.599998474121094,40.150001525878906,35.599998474121094,36.900001525878906,25.976533889770508,186400,PONNIERODE,,,Ponni Sugars (Erode) Limited
2005-02-16,37.84999847412109,38.45000076293945,36.0,36.20000076293945,25.48375129699707,71800,PONNIERODE,,,Ponni Sugars (Erode) Limited
2005-02-17,36.0,36.400001525878906,34.5,35.54999923706055,25.026172637939453,46000,PONNIERODE,,,Ponni Sugars (Erode) Limited
2005-02-18,36.59999847412109,38.5,36.0,36.84999847412109,25.94133186340332,103800,PONNIERODE,,,Ponni Sugars (Erode) Limited
2005-02-21,36.900001525878906,37.5,35.900001525878906,36.0,25.342952728271484,40100,PONNIERODE,,,Ponni Sugars (Erode) Limited
2005-02-22,36.650001525878906,36.650001525878906,34.54999923706055,34.849998474121094,24.53338623046875,46000,PONNIERODE,,,Ponni Sugars (Erode) Limited
2005-02-23,35.45000076293945,36.900001525878906,34.70000076293945,35.5,24.99096870422364,105100,PONNIERODE,,,Ponni Sugars (Erode) Limited
2005-02-24,36.45000076293945,36.70000076293945,35.5,35.599998474121094,25.061368942260746,35100,PONNIERODE,,,Ponni Sugars (Erode) Limited
2005-02-25,36.54999923706055,36.54999923706055,35.29999923706055,35.54999923706055,25.026172637939453,30400,PONNIERODE,,,Ponni Sugars (Erode) Limited
2005-02-28,35.5,39.150001525878906,35.5,39.150001525878906,27.56046295166016,228800,PONNIERODE,,,Ponni Sugars (Erode) Limited
2005-03-01,40.79999923706055,42.5,38.0,39.5,27.80685234069824,368500,PONNIERODE,,,Ponni Sugars (Erode) Limited
2005-03-02,39.5,41.95000076293945,39.5,40.59999847412109,28.58122634887696,292500,PONNIERODE,,,Ponni Sugars (Erode) Limited
2005-03-03,40.79999923706055,42.5,40.5,41.0,28.86281967163086,232800,PONNIERODE,,,Ponni Sugars (Erode) Limited
2005-03-04,41.54999923706055,42.25,40.09999847412109,40.25,28.3348331451416,158500,PONNIERODE,,,Ponni Sugars (Erode) Limited
2005-03-07,41.09999847412109,41.09999847412109,39.0,39.25,27.6308650970459,68200,PONNIERODE,,,Ponni Sugars (Erode) Limited
2005-03-08,40.0,40.0,38.0,38.25,26.92689514160156,45200,PONNIERODE,,,Ponni Sugars (Erode) Limited
2005-03-09,37.59999847412109,39.09999847412109,36.45000076293945,36.84999847412109,25.94133186340332,36600,PONNIERODE,,,Ponni Sugars (Erode) Limited
2005-03-10,37.0,37.75,36.5,36.75,25.87093544006348,42030,PONNIERODE,,,Ponni Sugars (Erode) Limited
2005-03-11,38.45000076293945,38.45000076293945,35.599998474121094,35.849998474121094,25.23735809326172,43600,PONNIERODE,,,Ponni Sugars (Erode) Limited
2005-03-14,36.0,36.20000076293945,34.20000076293945,34.95000076293945,24.60378646850586,28000,PONNIERODE,,,Ponni Sugars (Erode) Limited
2005-03-15,35.099998474121094,38.150001525878906,33.0,37.04999923706055,26.08212661743164,167700,PONNIERODE,,,Ponni Sugars (Erode) Limited
2005-03-16,37.5,37.70000076293945,35.599998474121094,35.75,25.166969299316406,54900,PONNIERODE,,,Ponni Sugars (Erode) Limited
2005-03-17,34.599998474121094,35.75,34.0,34.45000076293945,24.25180053710937,50236,PONNIERODE,,,Ponni Sugars (Erode) Limited
2005-03-18,34.79999923706055,36.29999923706055,34.349998474121094,34.900001525878906,24.56859397888184,50400,PONNIERODE,,,Ponni Sugars (Erode) Limited
2005-03-21,38.34999847412109,38.34999847412109,33.849998474121094,34.099998474121094,24.00541305541992,23700,PONNIERODE,,,Ponni Sugars (Erode) Limited
2005-03-22,34.0,35.25,32.5,32.70000076293945,23.019853591918945,29700,PONNIERODE,,,Ponni Sugars (Erode) Limited
2005-03-23,33.0,33.45000076293945,31.299999237060547,31.75,22.351083755493164,23000,PONNIERODE,,,Ponni Sugars (Erode) Limited
2005-03-24,31.75,32.849998474121094,30.0,30.450000762939453,21.43591690063477,33000,PONNIERODE,,,Ponni Sugars (Erode) Limited
2005-03-28,30.600000381469727,31.5,29.5,29.850000381469727,21.01353454589844,94100,PONNIERODE,,,Ponni Sugars (Erode) Limited
2005-03-29,29.5,29.850000381469727,27.75,28.100000381469727,19.78158950805664,27900,PONNIERODE,,,Ponni Sugars (Erode) Limited
2005-03-30,27.700000762939453,29.299999237060547,27.700000762939453,28.64999961853028,20.16876792907715,32100,PONNIERODE,,,Ponni Sugars (Erode) Limited
2005-03-31,29.950000762939453,30.89999961853028,29.5,30.39999961853028,21.40072059631348,50000,PONNIERODE,,,Ponni Sugars (Erode) Limited
2005-04-01,31.200000762939453,33.45000076293945,30.0,33.25,23.40703773498535,75600,PONNIERODE,,,Ponni Sugars (Erode) Limited
2005-04-04,33.5,34.150001525878906,31.64999961853028,32.150001525878906,22.63266944885254,56600,PONNIERODE,,,Ponni Sugars (Erode) Limited
2005-04-05,33.599998474121094,33.599998474121094,30.64999961853028,31.5,22.175092697143555,17900,PONNIERODE,,,Ponni Sugars (Erode) Limited
2005-04-06,32.099998474121094,33.849998474121094,32.04999923706055,33.400001525878906,23.512638092041016,42700,PONNIERODE,,,Ponni Sugars (Erode) Limited
2005-04-07,34.25,34.79999923706055,33.54999923706055,33.95000076293945,23.89981460571289,36600,PONNIERODE,,,Ponni Sugars (Erode) Limited
2005-04-08,32.099998474121094,33.849998474121094,32.099998474121094,32.54999923706055,22.914257049560547,12700,PONNIERODE,,,Ponni Sugars (Erode) Limited
2005-04-11,31.89999961853028,33.70000076293945,31.5,31.64999961853028,22.28068351745605,20473,PONNIERODE,,,Ponni Sugars (Erode) Limited
2005-04-12,32.45000076293945,32.95000076293945,31.549999237060547,31.75,22.351083755493164,9500,PONNIERODE,,,Ponni Sugars (Erode) Limited
2005-04-13,32.5,32.5,31.549999237060547,31.89999961853028,22.45667266845703,14300,PONNIERODE,,,Ponni Sugars (Erode) Limited
2005-04-15,28.700000762939453,31.700000762939453,28.700000762939453,30.200000762939453,21.25992584228516,18000,PONNIERODE,,,Ponni Sugars (Erode) Limited
2005-04-18,30.0,30.89999961853028,29.299999237060547,30.049999237060547,21.154327392578125,16800,PONNIERODE,,,Ponni Sugars (Erode) Limited
2005-04-19,31.39999961853028,31.5,29.25,29.549999237060547,20.802345275878903,13400,PONNIERODE,,,Ponni Sugars (Erode) Limited
2005-04-20,30.25,30.25,29.0,29.5,20.76714515686035,17100,PONNIERODE,,,Ponni Sugars (Erode) Limited
2005-04-21,29.100000381469727,30.5,29.100000381469727,30.049999237060547,21.154327392578125,22200,PONNIERODE,,,Ponni Sugars (Erode) Limited
2005-04-22,30.049999237060547,30.5,29.100000381469727,29.89999961853028,21.048730850219727,13400,PONNIERODE,,,Ponni Sugars (Erode) Limited
2005-04-25,30.0,30.5,29.299999237060547,30.200000762939453,21.25992584228516,11300,PONNIERODE,,,Ponni Sugars (Erode) Limited
2005-04-26,30.0,30.799999237060547,29.700000762939453,29.89999961853028,21.048730850219727,16800,PONNIERODE,,,Ponni Sugars (Erode) Limited
2005-04-27,31.200000762939453,32.45000076293945,29.950000762939453,30.14999961853028,21.224729537963867,10800,PONNIERODE,,,Ponni Sugars (Erode) Limited
2005-04-28,30.14999961853028,30.39999961853028,28.0,29.200000762939453,20.55595588684082,15500,PONNIERODE,,,Ponni Sugars (Erode) Limited
2005-04-29,28.799999237060547,29.100000381469727,28.5,28.549999237060547,20.098371505737305,11000,PONNIERODE,,,Ponni Sugars (Erode) Limited
2005-05-02,26.049999237060547,29.0,26.049999237060547,27.600000381469727,19.42959976196289,10400,PONNIERODE,,,Ponni Sugars (Erode) Limited
2005-05-03,28.0,29.0,27.700000762939453,27.75,19.535200119018555,14500,PONNIERODE,,,Ponni Sugars (Erode) Limited
2005-05-04,28.200000762939453,28.5,27.75,28.299999237060547,19.922378540039062,6300,PONNIERODE,,,Ponni Sugars (Erode) Limited
2005-05-05,29.0,29.0,28.100000381469727,28.14999961853028,19.816781997680664,7000,PONNIERODE,,,Ponni Sugars (Erode) Limited
2005-05-06,26.14999961853028,28.799999237060547,26.14999961853028,27.850000381469727,19.605592727661133,9300,PONNIERODE,,,Ponni Sugars (Erode) Limited
2005-05-09,28.5,28.5,27.5,28.450000762939453,20.027978897094727,12500,PONNIERODE,,,Ponni Sugars (Erode) Limited
2005-05-10,29.200000762939453,29.200000762939453,28.100000381469727,28.64999961853028,20.16876792907715,14100,PONNIERODE,,,Ponni Sugars (Erode) Limited
2005-05-11,28.64999961853028,29.25,27.5,28.14999961853028,19.816781997680664,22400,PONNIERODE,,,Ponni Sugars (Erode) Limited
2005-05-12,27.700000762939453,28.89999961853028,27.700000762939453,28.549999237060547,20.098371505737305,11800,PONNIERODE,,,Ponni Sugars (Erode) Limited
2005-05-13,28.14999961853028,29.0,28.14999961853028,28.600000381469727,20.13357353210449,11000,PONNIERODE,,,Ponni Sugars (Erode) Limited
2005-05-16,28.600000381469727,29.25,28.600000381469727,28.950000762939453,20.379961013793945,9200,PONNIERODE,,,Ponni Sugars (Erode) Limited
2005-05-17,29.0,34.75,28.5,34.70000076293945,24.427793502807617,277400,PONNIERODE,,,Ponni Sugars (Erode) Limited
2005-05-18,36.0,36.0,32.75,33.150001525878906,23.33664321899414,560218,PONNIERODE,,,Ponni Sugars (Erode) Limited
2005-05-19,34.79999923706055,37.29999923706055,34.0,36.0,25.342952728271484,392300,PONNIERODE,,,Ponni Sugars (Erode) Limited
2005-05-20,36.0,37.79999923706055,34.20000076293945,34.95000076293945,24.60378646850586,138900,PONNIERODE,,,Ponni Sugars (Erode) Limited
2005-05-23,36.45000076293945,36.45000076293945,34.0,34.150001525878906,24.040611267089844,30000,PONNIERODE,,,Ponni Sugars (Erode) Limited
2005-05-24,34.0,34.349998474121094,33.25,33.349998474121094,23.477434158325195,39400,PONNIERODE,,,Ponni Sugars (Erode) Limited
2005-05-25,33.099998474121094,37.0,33.099998474121094,34.599998474121094,24.35739517211914,123600,PONNIERODE,,,Ponni Sugars (Erode) Limited
2005-05-26,34.5,36.45000076293945,33.900001525878906,34.150001525878906,24.040611267089844,23800,PONNIERODE,,,Ponni Sugars (Erode) Limited
2005-05-27,34.5,35.349998474121094,33.5,33.75,23.75901985168457,30124,PONNIERODE,,,Ponni Sugars (Erode) Limited
2005-05-30,34.0,34.45000076293945,32.79999923706055,32.900001525878906,23.1606502532959,15600,PONNIERODE,,,Ponni Sugars (Erode) Limited
2005-05-31,27.25,33.900001525878906,27.25,32.599998474121094,22.94945526123047,26100,PONNIERODE,,,Ponni Sugars (Erode) Limited
2005-06-01,33.150001525878906,33.70000076293945,32.75,32.95000076293945,23.195846557617188,31300,PONNIERODE,,,Ponni Sugars (Erode) Limited
2005-06-02,33.5,33.5,32.349998474121094,32.70000076293945,23.019853591918945,17100,PONNIERODE,,,Ponni Sugars (Erode) Limited
2005-06-03,32.70000076293945,33.5,32.54999923706055,33.20000076293945,23.371835708618164,10971,PONNIERODE,,,Ponni Sugars (Erode) Limited
2005-06-06,33.0,33.75,32.099998474121094,32.25,22.703067779541016,29200,PONNIERODE,,,Ponni Sugars (Erode) Limited
2005-06-07,32.04999923706055,32.5,31.64999961853028,31.799999237060547,22.386276245117188,12700,PONNIERODE,,,Ponni Sugars (Erode) Limited
2005-06-08,31.049999237060547,33.0,31.049999237060547,32.599998474121094,22.94945526123047,29000,PONNIERODE,,,Ponni Sugars (Erode) Limited
2005-06-09,33.900001525878906,33.900001525878906,32.599998474121094,33.20000076293945,23.371835708618164,38300,PONNIERODE,,,Ponni Sugars (Erode) Limited
2005-06-10,33.900001525878906,34.599998474121094,32.75,33.0,23.231046676635746,81300,PONNIERODE,,,Ponni Sugars (Erode) Limited
2005-06-13,33.5,36.900001525878906,33.5,34.75,24.46299934387207,55133,PONNIERODE,,,Ponni Sugars (Erode) Limited
2005-06-14,35.0,35.95000076293945,34.349998474121094,34.650001525878906,24.39259910583496,60300,PONNIERODE,,,Ponni Sugars (Erode) Limited
2005-06-15,33.150001525878906,37.400001525878906,33.150001525878906,35.54999923706055,25.026172637939453,284800,PONNIERODE,,,Ponni Sugars (Erode) Limited
2005-06-16,36.0,36.5,34.04999923706055,34.150001525878906,24.040611267089844,56600,PONNIERODE,,,Ponni Sugars (Erode) Limited
2005-06-17,33.849998474121094,34.099998474121094,32.79999923706055,33.25,23.40703773498535,26600,PONNIERODE,,,Ponni Sugars (Erode) Limited
2005-06-20,34.04999923706055,34.349998474121094,32.599998474121094,32.70000076293945,23.019853591918945,34400,PONNIERODE,,,Ponni Sugars (Erode) Limited
2005-06-21,33.20000076293945,33.20000076293945,32.20000076293945,32.45000076293945,22.843860626220703,8000,PONNIERODE,,,Ponni Sugars (Erode) Limited
2005-06-22,33.95000076293945,33.95000076293945,32.0,32.099998474121094,22.597469329833984,17400,PONNIERODE,,,Ponni Sugars (Erode) Limited
2005-06-23,33.0,33.25,32.20000076293945,32.900001525878906,23.1606502532959,17400,PONNIERODE,,,Ponni Sugars (Erode) Limited
2005-06-24,33.25,34.5,31.5,33.599998474121094,23.653425216674805,39800,PONNIERODE,,,Ponni Sugars (Erode) Limited
2005-06-27,34.0,34.25,32.75,32.849998474121094,23.125452041625977,41400,PONNIERODE,,,Ponni Sugars (Erode) Limited
2005-06-28,33.20000076293945,33.45000076293945,32.400001525878906,32.900001525878906,23.1606502532959,28100,PONNIERODE,,,Ponni Sugars (Erode) Limited
2005-06-29,32.95000076293945,33.54999923706055,32.400001525878906,32.79999923706055,23.090251922607425,11200,PONNIERODE,,,Ponni Sugars (Erode) Limited
2005-06-30,32.95000076293945,33.5,32.70000076293945,33.0,23.231046676635746,31500,PONNIERODE,,,Ponni Sugars (Erode) Limited
2005-07-01,32.20000076293945,34.70000076293945,32.099998474121094,34.04999923706055,23.970212936401367,52835,PONNIERODE,,,Ponni Sugars (Erode) Limited
2005-07-04,34.400001525878906,35.400001525878906,34.150001525878906,34.54999923706055,24.32219696044922,43300,PONNIERODE,,,Ponni Sugars (Erode) Limited
2005-07-05,35.150001525878906,35.900001525878906,34.349998474121094,35.0,24.63898468017578,58400,PONNIERODE,,,Ponni Sugars (Erode) Limited
2005-07-06,35.599998474121094,36.75,35.25,36.20000076293945,25.48375129699707,75800,PONNIERODE,,,Ponni Sugars (Erode) Limited
2005-07-07,36.5,36.70000076293945,34.70000076293945,35.099998474121094,24.709379196166992,32700,PONNIERODE,,,Ponni Sugars (Erode) Limited
2005-07-08,35.79999923706055,36.20000076293945,35.0,35.900001525878906,25.27256202697754,34800,PONNIERODE,,,Ponni Sugars (Erode) Limited
2005-07-11,36.70000076293945,38.0,36.29999923706055,36.5,25.6949405670166,76300,PONNIERODE,,,Ponni Sugars (Erode) Limited
2005-07-12,37.45000076293945,37.59999847412109,36.29999923706055,36.79999923706055,25.9061279296875,35137,PONNIERODE,,,Ponni Sugars (Erode) Limited
2005-07-13,37.0,37.0,36.29999923706055,36.45000076293945,25.659746170043945,34700,PONNIERODE,,,Ponni Sugars (Erode) Limited
2005-07-14,35.95000076293945,35.95000076293945,35.0,35.650001525878906,25.80451011657715,21000,PONNIERODE,,,Ponni Sugars (Erode) Limited
2005-07-15,36.0,37.25,35.29999923706055,36.95000076293945,26.74549102783203,111000,PONNIERODE,,,Ponni Sugars (Erode) Limited
2005-07-18,38.75,38.75,37.5,38.45000076293945,27.83123779296875,74600,PONNIERODE,,,Ponni Sugars (Erode) Limited
2005-07-19,38.5,39.400001525878906,38.29999923706055,38.70000076293945,28.012187957763672,46900,PONNIERODE,,,Ponni Sugars (Erode) Limited
2005-07-20,39.5,39.5,37.0,37.84999847412109,27.396934509277344,67600,PONNIERODE,,,Ponni Sugars (Erode) Limited
2005-07-21,38.75,38.79999923706055,36.900001525878906,37.150001525878906,26.890254974365234,21800,PONNIERODE,,,Ponni Sugars (Erode) Limited
2005-07-22,37.400001525878906,38.5,37.400001525878906,37.79999923706055,27.360742568969727,46700,PONNIERODE,,,Ponni Sugars (Erode) Limited
2005-07-25,38.84999847412109,39.25,38.0,38.20000076293945,27.650270462036133,92600,PONNIERODE,,,Ponni Sugars (Erode) Limited
2005-07-26,39.25,39.25,37.5,37.70000076293945,27.28835868835449,30200,PONNIERODE,,,Ponni Sugars (Erode) Limited
2005-07-27,38.45000076293945,38.5,37.5,38.0,27.505504608154297,21700,PONNIERODE,,,Ponni Sugars (Erode) Limited
2005-07-28,38.0,38.0,38.0,38.0,27.505504608154297,0,PONNIERODE,,,Ponni Sugars (Erode) Limited
2005-07-29,37.150001525878906,38.0,36.09999847412109,36.25,26.23880958557129,40600,PONNIERODE,,,Ponni Sugars (Erode) Limited
2005-08-01,35.0,42.95000076293945,32.0,39.95000076293945,28.916976928710938,227000,PONNIERODE,,,Ponni Sugars (Erode) Limited
2005-08-02,40.650001525878906,41.70000076293945,39.400001525878906,40.04999923706055,28.989356994628903,96200,PONNIERODE,,,Ponni Sugars (Erode) Limited
2005-08-03,40.5,41.0,39.04999923706055,39.20000076293945,28.37410545349121,41700,PONNIERODE,,,Ponni Sugars (Erode) Limited
2005-08-04,39.79999923706055,42.75,39.79999923706055,42.29999923706055,30.617977142333984,300900,PONNIERODE,,,Ponni Sugars (Erode) Limited
2005-08-05,42.5,50.5,42.09999847412109,49.29999923706055,35.68478012084961,1065500,PONNIERODE,,,Ponni Sugars (Erode) Limited
2005-08-08,49.95000076293945,50.400001525878906,45.20000076293945,45.70000076293945,33.0789909362793,326200,PONNIERODE,,,Ponni Sugars (Erode) Limited
2005-08-09,46.5,51.900001525878906,44.09999847412109,48.5,35.10570526123047,568100,PONNIERODE,,,Ponni Sugars (Erode) Limited
2005-08-10,49.0,51.70000076293945,48.900001525878906,49.70000076293945,35.97431182861328,329700,PONNIERODE,,,Ponni Sugars (Erode) Limited
2005-08-11,50.0,51.0,49.29999923706055,49.84999847412109,36.0828857421875,145300,PONNIERODE,,,Ponni Sugars (Erode) Limited
2005-08-12,50.54999923706055,50.54999923706055,48.0,48.84999847412109,35.35904693603516,139100,PONNIERODE,,,Ponni Sugars (Erode) Limited
2005-08-16,48.650001525878906,50.0,47.29999923706055,47.84999847412109,34.635223388671875,76800,PONNIERODE,,,Ponni Sugars (Erode) Limited
2005-08-17,48.400001525878906,50.0,48.0,48.34999847412109,34.99713134765625,51300,PONNIERODE,,,Ponni Sugars (Erode) Limited
2005-08-18,48.59999847412109,48.70000076293945,46.25,46.650001525878906,33.76662826538086,49300,PONNIERODE,,,Ponni Sugars (Erode) Limited
2005-08-19,46.5,48.45000076293945,46.0,47.59999847412109,34.45427322387695,65300,PONNIERODE,,,Ponni Sugars (Erode) Limited
2005-08-22,48.59999847412109,49.59999847412109,47.5,48.5,35.10570526123047,101800,PONNIERODE,,,Ponni Sugars (Erode) Limited
2005-08-23,46.0,48.75,45.45000076293945,45.75,33.11518478393555,28844,PONNIERODE,,,Ponni Sugars (Erode) Limited
2005-08-24,45.75,45.84999847412109,43.0,43.75,31.66752815246582,22900,PONNIERODE,,,Ponni Sugars (Erode) Limited
2005-08-25,45.0,45.900001525878906,43.5,45.150001525878906,32.68089294433594,39700,PONNIERODE,,,Ponni Sugars (Erode) Limited
2005-08-26,46.900001525878906,46.900001525878906,44.650001525878906,45.25,32.753273010253906,82600,PONNIERODE,,,Ponni Sugars (Erode) Limited
2005-08-29,44.59999847412109,49.95000076293945,44.59999847412109,48.04999923706055,34.77999496459961,79100,PONNIERODE,,,Ponni Sugars (Erode) Limited
2005-08-30,49.900001525878906,49.95000076293945,47.400001525878906,47.75,34.562843322753906,60000,PONNIERODE,,,Ponni Sugars (Erode) Limited
2005-08-31,47.34999847412109,49.25,47.34999847412109,48.20000076293945,34.8885612487793,71800,PONNIERODE,,,Ponni Sugars (Erode) Limited
2005-09-01,49.29999923706055,49.400001525878906,47.70000076293945,48.70000076293945,35.2504768371582,55700,PONNIERODE,,,Ponni Sugars (Erode) Limited
2005-09-02,50.0,50.04999923706055,48.150001525878906,48.54999923706055,35.14190673828125,55900,PONNIERODE,,,Ponni Sugars (Erode) Limited
2005-09-05,48.29999923706055,49.150001525878906,45.150001525878906,47.0,34.01997375488281,21800,PONNIERODE,,,Ponni Sugars (Erode) Limited
2005-09-06,45.400001525878906,47.900001525878906,45.400001525878906,47.04999923706055,34.0561637878418,17700,PONNIERODE,,,Ponni Sugars (Erode) Limited
2005-09-08,48.5,50.0,48.0,49.04999923706055,35.50381851196289,56000,PONNIERODE,,,Ponni Sugars (Erode) Limited
2005-09-09,49.04999923706055,49.04999923706055,47.5,47.95000076293945,34.707611083984375,24200,PONNIERODE,,,Ponni Sugars (Erode) Limited
2005-09-12,47.5,49.25,47.20000076293945,47.54999923706055,34.41808319091797,17000,PONNIERODE,,,Ponni Sugars (Erode) Limited
2005-09-13,48.0,48.0,47.04999923706055,47.5,34.38187789916992,20000,PONNIERODE,,,Ponni Sugars (Erode) Limited
2005-09-14,49.400001525878906,49.5,46.5,47.34999847412109,34.2733039855957,38200,PONNIERODE,,,Ponni Sugars (Erode) Limited
2005-09-15,49.75,49.75,47.25,47.900001525878906,34.67142868041992,16600,PONNIERODE,,,Ponni Sugars (Erode) Limited
2005-09-16,47.5,49.75,46.54999923706055,49.04999923706055,35.50381851196289,77800,PONNIERODE,,,Ponni Sugars (Erode) Limited
2005-09-19,49.900001525878906,49.900001525878906,47.150001525878906,48.5,35.10570526123047,30400,PONNIERODE,,,Ponni Sugars (Erode) Limited
2005-09-20,48.09999847412109,49.09999847412109,46.900001525878906,46.95000076293945,33.98378372192383,38700,PONNIERODE,,,Ponni Sugars (Erode) Limited
2005-09-21,46.95000076293945,48.0,38.29999923706055,45.0,32.57231521606445,30834,PONNIERODE,,,Ponni Sugars (Erode) Limited
2005-09-22,39.0,44.900001525878906,39.0,40.75,29.496036529541016,28300,PONNIERODE,,,Ponni Sugars (Erode) Limited
2005-09-23,41.04999923706055,42.09999847412109,38.59999847412109,40.34999847412109,29.206499099731445,20000,PONNIERODE,,,Ponni Sugars (Erode) Limited
2005-09-26,41.0,43.5,40.5,42.45000076293945,30.726551055908203,11600,PONNIERODE,,,Ponni Sugars (Erode) Limited
2005-09-27,44.0,45.900001525878906,42.25,42.84999847412109,31.016084671020508,20700,PONNIERODE,,,Ponni Sugars (Erode) Limited
2005-09-28,44.25,45.0,43.04999923706055,44.5,32.21039581298828,18000,PONNIERODE,,,Ponni Sugars (Erode) Limited
2005-09-29,43.650001525878906,45.0,43.29999923706055,44.34999847412109,32.10182189941406,23600,PONNIERODE,,,Ponni Sugars (Erode) Limited
2005-09-30,41.54999923706055,43.45000076293945,41.0,41.45000076293945,30.00271797180176,14500,PONNIERODE,,,Ponni Sugars (Erode) Limited
2005-10-03,41.0,41.900001525878906,40.70000076293945,41.25,29.857954025268555,12800,PONNIERODE,,,Ponni Sugars (Erode) Limited
2005-10-04,42.0,42.150001525878906,41.5,41.59999847412109,30.11129570007324,7300,PONNIERODE,,,Ponni Sugars (Erode) Limited
2005-10-05,42.45000076293945,42.45000076293945,41.20000076293945,41.34999847412109,29.93033790588379,15700,PONNIERODE,,,Ponni Sugars (Erode) Limited
2005-10-06,41.0,41.0,40.29999923706055,40.54999923706055,29.351268768310547,7700,PONNIERODE,,,Ponni Sugars (Erode) Limited
2005-10-07,41.29999923706055,41.29999923706055,39.45000076293945,40.0,28.95317649841309,7800,PONNIERODE,,,Ponni Sugars (Erode) Limited
2005-10-10,41.0,41.0,39.0,39.20000076293945,28.37410545349121,5500,PONNIERODE,,,Ponni Sugars (Erode) Limited
2005-10-11,39.29999923706055,39.34999847412109,38.09999847412109,38.79999923706055,28.084577560424805,6700,PONNIERODE,,,Ponni Sugars (Erode) Limited
2005-10-13,38.75,39.20000076293945,38.5,38.75,28.04838180541992,6600,PONNIERODE,,,Ponni Sugars (Erode) Limited
2005-10-14,38.04999923706055,39.20000076293945,37.70000076293945,38.04999923706055,27.541698455810547,10100,PONNIERODE,,,Ponni Sugars (Erode) Limited
2005-10-17,39.0,39.0,36.150001525878906,36.5,26.41976547241211,5000,PONNIERODE,,,Ponni Sugars (Erode) Limited
2005-10-18,36.5,38.59999847412109,36.5,37.400001525878906,27.07120704650879,5200,PONNIERODE,,,Ponni Sugars (Erode) Limited
2005-10-19,34.5,36.79999923706055,34.5,35.20000076293945,25.4787826538086,8600,PONNIERODE,,,Ponni Sugars (Erode) Limited
2005-10-20,32.599998474121094,38.5,32.5,33.900001525878906,24.537811279296875,7500,PONNIERODE,,,Ponni Sugars (Erode) Limited
2005-10-21,34.0,36.75,30.600000381469727,34.849998474121094,25.225440979003903,13000,PONNIERODE,,,Ponni Sugars (Erode) Limited
2005-10-24,37.400001525878906,39.25,36.0,36.84999847412109,26.67310333251953,24100,PONNIERODE,,,Ponni Sugars (Erode) Limited
2005-10-25,36.59999847412109,38.400001525878906,36.59999847412109,37.25,26.962635040283203,7100,PONNIERODE,,,Ponni Sugars (Erode) Limited
2005-10-26,36.79999923706055,37.5,36.54999923706055,37.0,26.78167724609375,5800,PONNIERODE,,,Ponni Sugars (Erode) Limited
2005-10-27,36.59999847412109,38.0,32.0,33.400001525878906,24.17589569091797,20800,PONNIERODE,,,Ponni Sugars (Erode) Limited
2005-10-28,33.5,34.70000076293945,33.04999923706055,33.5,24.248273849487305,15800,PONNIERODE,,,Ponni Sugars (Erode) Limited
2005-10-31,33.5,34.70000076293945,33.099998474121094,34.25,24.791149139404297,7000,PONNIERODE,,,Ponni Sugars (Erode) Limited
2005-11-02,36.09999847412109,37.45000076293945,35.25,36.95000076293945,26.74549102783203,6600,PONNIERODE,,,Ponni Sugars (Erode) Limited
2005-11-04,36.95000076293945,36.95000076293945,36.95000076293945,36.95000076293945,26.74549102783203,0,PONNIERODE,,,Ponni Sugars (Erode) Limited
2005-11-07,38.0,39.79999923706055,37.29999923706055,39.400001525878906,28.518875122070312,19900,PONNIERODE,,,Ponni Sugars (Erode) Limited
2005-11-08,39.70000076293945,40.84999847412109,38.59999847412109,39.79999923706055,28.80840301513672,16000,PONNIERODE,,,Ponni Sugars (Erode) Limited
2005-11-09,40.25,40.79999923706055,38.150001525878906,38.54999923706055,27.90361213684082,13800,PONNIERODE,,,Ponni Sugars (Erode) Limited
2005-11-10,38.900001525878906,39.29999923706055,38.5,39.150001525878906,28.33791160583496,2900,PONNIERODE,,,Ponni Sugars (Erode) Limited
2005-11-11,39.25,40.45000076293945,39.25,39.5,28.591251373291016,9900,PONNIERODE,,,Ponni Sugars (Erode) Limited
2005-11-14,40.0,41.75,40.0,40.29999923706055,29.170316696166992,13500,PONNIERODE,,,Ponni Sugars (Erode) Limited
2005-11-16,40.20000076293945,41.0,40.0,40.59999847412109,29.387460708618164,17600,PONNIERODE,,,Ponni Sugars (Erode) Limited
2005-11-17,41.25,41.25,40.0,40.20000076293945,29.09792900085449,9100,PONNIERODE,,,Ponni Sugars (Erode) Limited
2005-11-18,41.0,41.0,39.75,40.0,28.95317649841309,13200,PONNIERODE,,,Ponni Sugars (Erode) Limited
2005-11-21,39.04999923706055,40.900001525878906,39.0,39.79999923706055,28.80840301513672,5500,PONNIERODE,,,Ponni Sugars (Erode) Limited
2005-11-22,39.5,39.900001525878906,38.400001525878906,39.04999923706055,28.26552963256836,6600,PONNIERODE,,,Ponni Sugars (Erode) Limited
2005-11-23,38.59999847412109,39.79999923706055,38.54999923706055,39.0,28.22933959960937,3900,PONNIERODE,,,Ponni Sugars (Erode) Limited
2005-11-24,39.0,42.5,38.20000076293945,40.04999923706055,28.989356994628903,34200,PONNIERODE,,,Ponni Sugars (Erode) Limited
2005-11-25,41.75,44.0,40.34999847412109,41.75,30.219867706298828,70400,PONNIERODE,,,Ponni Sugars (Erode) Limited
2005-11-28,41.400001525878906,42.0,40.20000076293945,41.0,29.67700386047364,11000,PONNIERODE,,,Ponni Sugars (Erode) Limited
2005-11-29,40.0,40.400001525878906,39.54999923706055,39.75,28.77220344543457,11600,PONNIERODE,,,Ponni Sugars (Erode) Limited
2005-11-30,40.0,40.95000076293945,39.09999847412109,39.25,28.41029930114746,8400,PONNIERODE,,,Ponni Sugars (Erode) Limited
2005-12-01,39.0,40.20000076293945,38.29999923706055,39.79999923706055,28.80840301513672,10800,PONNIERODE,,,Ponni Sugars (Erode) Limited
2005-12-02,40.150001525878906,40.5,38.5,38.79999923706055,28.084577560424805,7700,PONNIERODE,,,Ponni Sugars (Erode) Limited
2005-12-05,39.0,40.29999923706055,37.79999923706055,37.95000076293945,27.46932411193848,12300,PONNIERODE,,,Ponni Sugars (Erode) Limited
2005-12-06,38.04999923706055,38.04999923706055,37.29999923706055,37.45000076293945,27.107410430908203,8300,PONNIERODE,,,Ponni Sugars (Erode) Limited
2005-12-07,37.09999847412109,38.20000076293945,36.84999847412109,37.04999923706055,26.81786727905273,15600,PONNIERODE,,,Ponni Sugars (Erode) Limited
2005-12-08,36.70000076293945,38.5,36.70000076293945,38.150001525878906,27.61408424377441,6100,PONNIERODE,,,Ponni Sugars (Erode) Limited
2005-12-09,39.150001525878906,39.150001525878906,38.04999923706055,38.25,27.68647193908692,18500,PONNIERODE,,,Ponni Sugars (Erode) Limited
2005-12-12,38.75,40.75,38.70000076293945,40.20000076293945,29.09792900085449,31500,PONNIERODE,,,Ponni Sugars (Erode) Limited
2005-12-13,40.5,44.45000076293945,40.5,43.29999923706055,31.34181022644043,138300,PONNIERODE,,,Ponni Sugars (Erode) Limited
2005-12-14,44.400001525878906,44.84999847412109,42.29999923706055,43.45000076293945,31.450380325317383,89200,PONNIERODE,,,Ponni Sugars (Erode) Limited
2005-12-15,43.25,44.54999923706055,42.5,42.79999923706055,30.979887008666992,41400,PONNIERODE,,,Ponni Sugars (Erode) Limited
2005-12-16,44.0,44.0,41.59999847412109,42.59999847412109,30.83512115478516,25800,PONNIERODE,,,Ponni Sugars (Erode) Limited
2005-12-19,43.20000076293945,50.0,43.20000076293945,47.59999847412109,34.45427322387695,336000,PONNIERODE,,,Ponni Sugars (Erode) Limited
2005-12-20,48.25,50.400001525878906,47.70000076293945,48.20000076293945,34.8885612487793,214400,PONNIERODE,,,Ponni Sugars (Erode) Limited
2005-12-21,48.70000076293945,48.70000076293945,45.0,46.0,33.296146392822266,60400,PONNIERODE,,,Ponni Sugars (Erode) Limited
2005-12-22,46.59999847412109,48.29999923706055,46.5,47.95000076293945,34.707611083984375,51000,PONNIERODE,,,Ponni Sugars (Erode) Limited
2005-12-23,48.0,57.54999923706055,47.5,54.400001525878906,39.37630462646485,1039500,PONNIERODE,,,Ponni Sugars (Erode) Limited
2005-12-26,54.20000076293945,56.900001525878906,49.0,49.95000076293945,36.15526580810547,418100,PONNIERODE,,,Ponni Sugars (Erode) Limited
2005-12-27,50.34999847412109,54.29999923706055,48.0,53.29999923706055,38.58009338378906,387500,PONNIERODE,,,Ponni Sugars (Erode) Limited
2005-12-28,53.900001525878906,63.20000076293945,53.0,60.150001525878906,43.53832626342773,1306900,PONNIERODE,,,Ponni Sugars (Erode) Limited
2005-12-29,61.650001525878906,64.80000305175781,60.0,61.20000076293945,44.29834365844727,974700,PONNIERODE,,,Ponni Sugars (Erode) Limited
2005-12-30,61.95000076293945,65.0,60.29999923706055,60.900001525878906,44.081199645996094,322200,PONNIERODE,,,Ponni Sugars (Erode) Limited
2006-01-02,61.0,64.25,61.0,63.34999847412109,45.85457611083984,264900,PONNIERODE,,,Ponni Sugars (Erode) Limited
2006-01-03,63.5,67.25,63.5,65.94999694824219,47.73652648925781,459800,PONNIERODE,,,Ponni Sugars (Erode) Limited
2006-01-04,66.0,66.80000305175781,63.5,63.79999923706055,46.18030548095703,188000,PONNIERODE,,,Ponni Sugars (Erode) Limited
2006-01-05,64.80000305175781,65.9000015258789,61.59999847412109,62.150001525878906,44.985984802246094,151800,PONNIERODE,,,Ponni Sugars (Erode) Limited
2006-01-06,62.400001525878906,63.84999847412109,61.09999847412109,62.29999923706055,45.09455490112305,119100,PONNIERODE,,,Ponni Sugars (Erode) Limited
2006-01-09,61.5,64.94999694824219,61.5,64.0,46.3250732421875,273000,PONNIERODE,,,Ponni Sugars (Erode) Limited
2006-01-10,64.5999984741211,67.0,63.150001525878906,64.30000305175781,46.54222106933594,356000,PONNIERODE,,,Ponni Sugars (Erode) Limited
2006-01-12,64.5,73.5,62.5,70.19999694824219,50.81279754638672,940900,PONNIERODE,,,Ponni Sugars (Erode) Limited
2006-01-13,70.25,84.25,70.25,84.25,60.98261642456055,950400,PONNIERODE,,,Ponni Sugars (Erode) Limited
2006-01-16,85.0999984741211,99.9000015258789,85.0999984741211,97.0500030517578,70.24762725830078,2344300,PONNIERODE,,,Ponni Sugars (Erode) Limited
2006-01-17,98.5,106.8000030517578,96.1999969482422,101.5,73.46866607666016,1668481,PONNIERODE,,,Ponni Sugars (Erode) Limited
2006-01-18,100.8000030517578,105.9000015258789,98.0,101.75,73.64962005615234,1525400,PONNIERODE,,,Ponni Sugars (Erode) Limited
2006-01-19,102.6999969482422,111.9499969482422,102.5500030517578,111.75,80.88793182373047,2345000,PONNIERODE,,,Ponni Sugars (Erode) Limited
2006-01-20,113.8499984741211,117.9000015258789,109.0500030517578,110.4000015258789,79.91072845458984,1903925,PONNIERODE,,,Ponni Sugars (Erode) Limited
2006-01-23,111.4000015258789,113.4000015258789,105.0,105.6999969482422,76.50873565673828,904300,PONNIERODE,,,Ponni Sugars (Erode) Limited
2006-01-24,105.0,109.0,95.75,97.25,70.39237976074219,701200,PONNIERODE,,,Ponni Sugars (Erode) Limited
2006-01-25,99.0,106.75,87.80000305175781,89.25,64.60175323486328,780500,PONNIERODE,,,Ponni Sugars (Erode) Limited
2006-01-27,86.1500015258789,98.1999969482422,83.5,98.0,70.93524932861328,1713400,PONNIERODE,,,Ponni Sugars (Erode) Limited
2006-01-30,100.1999969482422,101.3000030517578,90.0,93.8499984741211,67.93136596679688,848700,PONNIERODE,,,Ponni Sugars (Erode) Limited
2006-01-31,94.25,96.6999969482422,92.0,93.25,67.49707794189453,495800,PONNIERODE,,,Ponni Sugars (Erode) Limited
2006-02-01,92.0,95.4499969482422,90.1500015258789,90.9499969482422,65.83224487304688,495100,PONNIERODE,,,Ponni Sugars (Erode) Limited
2006-02-02,92.0,100.0,87.0,95.6500015258789,69.23426055908203,1094500,PONNIERODE,,,Ponni Sugars (Erode) Limited
2006-02-03,99.9000015258789,105.25,97.5,103.5999984741211,74.98870086669922,1802500,PONNIERODE,,,Ponni Sugars (Erode) Limited
2006-02-06,106.8000030517578,107.4000015258789,100.5500030517578,102.0999984741211,73.90294647216797,1080600,PONNIERODE,,,Ponni Sugars (Erode) Limited
2006-02-07,101.0,109.5,100.0,108.3000030517578,78.39071655273438,1408200,PONNIERODE,,,Ponni Sugars (Erode) Limited
2006-02-08,108.5,108.8000030517578,102.3000030517578,103.6500015258789,75.02490997314453,847100,PONNIERODE,,,Ponni Sugars (Erode) Limited
2006-02-10,104.0,106.1999969482422,101.1999969482422,102.5,74.1924819946289,1137500,PONNIERODE,,,Ponni Sugars (Erode) Limited
2006-02-13,102.8000030517578,104.0,99.0999984741211,100.8000030517578,72.96198272705078,668400,PONNIERODE,,,Ponni Sugars (Erode) Limited
2006-02-14,101.0,107.4000015258789,99.8000030517578,101.3499984741211,73.3600845336914,1150300,PONNIERODE,,,Ponni Sugars (Erode) Limited
2006-02-15,100.0,102.9000015258789,97.0,97.8499984741211,70.82669067382812,413000,PONNIERODE,,,Ponni Sugars (Erode) Limited
2006-02-16,98.0,102.0,95.0,96.75,70.03047943115234,450700,PONNIERODE,,,Ponni Sugars (Erode) Limited
2006-02-17,92.8000030517578,96.9000015258789,91.9499969482422,91.9499969482422,66.55610656738281,71400,PONNIERODE,,,Ponni Sugars (Erode) Limited
2006-02-20,90.0,90.0,87.3499984741211,87.8499984741211,63.58838272094727,27600,PONNIERODE,,,Ponni Sugars (Erode) Limited
2006-02-21,88.0,91.0,83.5,87.0999984741211,63.0455207824707,55327,PONNIERODE,,,Ponni Sugars (Erode) Limited
2006-02-22,89.80000305175781,90.4000015258789,82.75,82.94999694824219,60.04161071777344,21700,PONNIERODE,,,Ponni Sugars (Erode) Limited
2006-02-23,83.0,85.0,80.0,83.25,60.2587776184082,33400,PONNIERODE,,,Ponni Sugars (Erode) Limited
2006-02-24,82.5,85.55000305175781,81.5,84.3499984741211,61.05499267578125,37600,PONNIERODE,,,Ponni Sugars (Erode) Limited
2006-02-27,82.0,84.9000015258789,81.0,81.69999694824219,59.1368293762207,21400,PONNIERODE,,,Ponni Sugars (Erode) Limited
2006-02-28,81.0,83.4000015258789,79.5,82.44999694824219,59.6797103881836,21700,PONNIERODE,,,Ponni Sugars (Erode) Limited
2006-03-01,80.30000305175781,84.0,80.0999984741211,82.0999984741211,59.42635345458984,24500,PONNIERODE,,,Ponni Sugars (Erode) Limited
2006-03-02,84.0,84.0,78.0,78.25,56.6396369934082,20700,PONNIERODE,,,Ponni Sugars (Erode) Limited
2006-03-03,76.0,78.0,74.4000015258789,76.1500015258789,55.11960220336914,35600,PONNIERODE,,,Ponni Sugars (Erode) Limited
2006-03-06,75.0,80.0,74.0,80.0,57.90635299682617,33800,PONNIERODE,,,Ponni Sugars (Erode) Limited
2006-03-07,81.0,84.0,81.0,84.0,60.80165481567383,44000,PONNIERODE,,,Ponni Sugars (Erode) Limited
2006-03-08,88.19999694824219,88.19999694824219,81.0999984741211,81.5999984741211,59.0644645690918,33000,PONNIERODE,,,Ponni Sugars (Erode) Limited
2006-03-09,81.4000015258789,83.44999694824219,79.0,79.94999694824219,57.870147705078125,17900,PONNIERODE,,,Ponni Sugars (Erode) Limited
2006-03-10,81.9000015258789,83.5999984741211,77.5999984741211,80.0,57.90635299682617,18700,PONNIERODE,,,Ponni Sugars (Erode) Limited
2006-03-13,81.8499984741211,82.0,78.19999694824219,79.0999984741211,57.25488662719727,18000,PONNIERODE,,,Ponni Sugars (Erode) Limited
2006-03-14,79.0,79.5,76.1500015258789,76.9000015258789,55.6624755859375,12800,PONNIERODE,,,Ponni Sugars (Erode) Limited
2006-03-16,77.5,78.0,76.1500015258789,76.80000305175781,55.5900764465332,23500,PONNIERODE,,,Ponni Sugars (Erode) Limited
2006-03-17,76.5,76.5,73.0,74.8499984741211,54.1786003112793,17500,PONNIERODE,,,Ponni Sugars (Erode) Limited
2006-03-20,75.0,76.0,71.1500015258789,72.0,52.11568832397461,15000,PONNIERODE,,,Ponni Sugars (Erode) Limited
2006-03-21,74.94999694824219,75.0,71.25,72.5999984741211,52.54999542236328,10300,PONNIERODE,,,Ponni Sugars (Erode) Limited
2006-03-22,72.0,74.5,69.75,72.3499984741211,52.36903762817383,16300,PONNIERODE,,,Ponni Sugars (Erode) Limited
2006-03-23,70.1500015258789,73.94999694824219,70.1500015258789,71.5,51.75379180908203,7900,PONNIERODE,,,Ponni Sugars (Erode) Limited
2006-03-24,69.30000305175781,72.5,69.30000305175781,70.6500015258789,51.13853073120117,11000,PONNIERODE,,,Ponni Sugars (Erode) Limited
2006-03-27,70.6500015258789,73.5,69.30000305175781,72.6500015258789,52.5861930847168,34500,PONNIERODE,,,Ponni Sugars (Erode) Limited
2006-03-28,72.75,74.9000015258789,72.25,73.4000015258789,53.12905883789063,21600,PONNIERODE,,,Ponni Sugars (Erode) Limited
2006-03-29,74.5,77.0999984741211,74.5,77.0999984741211,55.80722427368164,23599,PONNIERODE,,,Ponni Sugars (Erode) Limited
2006-03-30,81.0,81.0,81.0,81.0,58.630165100097656,7600,PONNIERODE,,,Ponni Sugars (Erode) Limited
2006-03-31,85.0,85.05000305175781,85.0,85.05000305175781,61.56168746948242,14900,PONNIERODE,,,Ponni Sugars (Erode) Limited
2006-04-03,88.80000305175781,89.30000305175781,82.30000305175781,89.30000305175781,64.63794708251953,21500,PONNIERODE,,,Ponni Sugars (Erode) Limited
2006-04-04,92.5,93.75,85.0,86.94999694824219,62.93694686889648,60200,PONNIERODE,,,Ponni Sugars (Erode) Limited
2006-04-05,88.30000305175781,90.0,87.0999984741211,88.30000305175781,63.91412734985352,16800,PONNIERODE,,,Ponni Sugars (Erode) Limited
2006-04-07,91.0,92.0,83.9000015258789,87.05000305175781,63.00932693481445,34900,PONNIERODE,,,Ponni Sugars (Erode) Limited
2006-04-10,88.0,89.0,85.30000305175781,88.30000305175781,63.91412734985352,18600,PONNIERODE,,,Ponni Sugars (Erode) Limited
2006-04-12,89.5999984741211,91.5,86.5999984741211,87.30000305175781,63.19028854370117,27789,PONNIERODE,,,Ponni Sugars (Erode) Limited
2006-04-13,88.0,88.0,82.94999694824219,83.0999984741211,60.150203704833984,13500,PONNIERODE,,,Ponni Sugars (Erode) Limited
2006-04-17,86.0,86.9000015258789,83.0,84.0999984741211,60.8740234375,8800,PONNIERODE,,,Ponni Sugars (Erode) Limited
2006-04-18,84.5,87.0,84.0,84.25,60.98261642456055,22700,PONNIERODE,,,Ponni Sugars (Erode) Limited
2006-04-19,84.5,88.5,83.5999984741211,87.75,63.51601028442383,18000,PONNIERODE,,,Ponni Sugars (Erode) Limited
2006-04-20,91.5,92.0,87.1500015258789,88.19999694824219,63.84173202514648,31100,PONNIERODE,,,Ponni Sugars (Erode) Limited
2006-04-21,86.5,89.94999694824219,86.5,87.44999694824219,63.29886245727539,14600,PONNIERODE,,,Ponni Sugars (Erode) Limited
2006-04-24,88.5,91.6999969482422,85.0,89.55000305175781,64.81890869140625,31900,PONNIERODE,,,Ponni Sugars (Erode) Limited
2006-04-25,87.5999984741211,90.0,85.0999984741211,85.4000015258789,61.81502532958984,15900,PONNIERODE,,,Ponni Sugars (Erode) Limited
2006-04-26,85.5,88.0,83.0,84.4000015258789,61.09117889404297,10000,PONNIERODE,,,Ponni Sugars (Erode) Limited
2006-04-27,84.19999694824219,87.80000305175781,84.0999984741211,85.5999984741211,61.959774017333984,6600,PONNIERODE,,,Ponni Sugars (Erode) Limited
2006-04-28,82.5,89.8499984741211,82.5,84.19999694824219,60.9464111328125,16833,PONNIERODE,,,Ponni Sugars (Erode) Limited
2006-05-02,87.69999694824219,87.69999694824219,82.05000305175781,83.4000015258789,60.36736297607422,10600,PONNIERODE,,,Ponni Sugars (Erode) Limited
2006-05-03,83.19999694824219,83.19999694824219,80.19999694824219,82.80000305175781,59.93306350708008,11800,PONNIERODE,,,Ponni Sugars (Erode) Limited
2006-05-04,82.80000305175781,84.69999694824219,82.25,83.0,60.07781982421875,16500,PONNIERODE,,,Ponni Sugars (Erode) Limited
2006-05-05,83.05000305175781,84.0,81.0,81.44999694824219,58.95588684082031,13900,PONNIERODE,,,Ponni Sugars (Erode) Limited
2006-05-08,78.5,81.9000015258789,78.5,80.55000305175781,58.304443359375,10100,PONNIERODE,,,Ponni Sugars (Erode) Limited
2006-05-09,78.0,83.0,78.0,79.75,57.72537612915039,17100,PONNIERODE,,,Ponni Sugars (Erode) Limited
2006-05-10,80.5,83.75,80.5,83.75,60.62069320678711,9400,PONNIERODE,,,Ponni Sugars (Erode) Limited
2006-05-11,83.75,86.44999694824219,81.0,84.55000305175781,61.19975280761719,17300,PONNIERODE,,,Ponni Sugars (Erode) Limited
2006-05-12,83.5,86.0,82.0,84.1500015258789,60.91022491455078,27400,PONNIERODE,,,Ponni Sugars (Erode) Limited
2006-05-15,82.0999984741211,83.75,80.0,80.0,57.90635299682617,10000,PONNIERODE,,,Ponni Sugars (Erode) Limited
2006-05-16,79.0,79.0,76.0,76.05000305175781,55.04720687866211,7800,PONNIERODE,,,Ponni Sugars (Erode) Limited
2006-05-17,79.5,79.8499984741211,75.0,79.8499984741211,57.79776763916016,10800,PONNIERODE,,,Ponni Sugars (Erode) Limited
2006-05-18,77.0,78.94999694824219,75.9000015258789,75.9000015258789,54.93864822387695,6100,PONNIERODE,,,Ponni Sugars (Erode) Limited
2006-05-19,74.0,74.55000305175781,72.0999984741211,72.1500015258789,52.22428131103516,3000,PONNIERODE,,,Ponni Sugars (Erode) Limited
2006-05-22,70.0,70.0,68.69999694824219,68.69999694824219,49.72705459594727,5700,PONNIERODE,,,Ponni Sugars (Erode) Limited
2006-05-23,68.69999694824219,68.69999694824219,65.3499984741211,68.05000305175781,49.2565803527832,7600,PONNIERODE,,,Ponni Sugars (Erode) Limited
2006-05-24,67.0999984741211,69.0,65.1500015258789,66.4000015258789,48.062255859375,7000,PONNIERODE,,,Ponni Sugars (Erode) Limited
2006-05-25,64.9000015258789,64.9000015258789,63.09999847412109,63.5,45.963157653808594,13000,PONNIERODE,,,Ponni Sugars (Erode) Limited
2006-05-26,63.5,66.69999694824219,63.5,65.9000015258789,47.70034408569336,7000,PONNIERODE,,,Ponni Sugars (Erode) Limited
2006-05-29,68.9000015258789,69.19999694824219,66.69999694824219,69.0999984741211,50.016597747802734,2600,PONNIERODE,,,Ponni Sugars (Erode) Limited
2006-05-30,69.0,70.3499984741211,68.0999984741211,68.0999984741211,49.292762756347656,3100,PONNIERODE,,,Ponni Sugars (Erode) Limited
2006-05-31,67.0,67.0,64.69999694824219,64.69999694824219,46.83174514770508,3945,PONNIERODE,,,Ponni Sugars (Erode) Limited
2006-06-01,65.9000015258789,65.9000015258789,61.5,61.5,44.51549530029297,6000,PONNIERODE,,,Ponni Sugars (Erode) Limited
2006-06-02,64.5,64.5,58.5,59.09999847412109,42.778297424316406,7400,PONNIERODE,,,Ponni Sugars (Erode) Limited
2006-06-05,58.0,62.04999923706055,56.25,56.25,40.71538543701172,16900,PONNIERODE,,,Ponni Sugars (Erode) Limited
2006-06-06,55.0,55.0,53.45000076293945,53.45000076293945,38.68866729736328,3600,PONNIERODE,,,Ponni Sugars (Erode) Limited
2006-06-07,52.0,53.0,50.79999923706055,50.79999923706055,36.77052688598633,9600,PONNIERODE,,,Ponni Sugars (Erode) Limited
2006-06-08,49.0,49.0,48.29999923706055,48.29999923706055,34.96095275878906,6700,PONNIERODE,,,Ponni Sugars (Erode) Limited
2006-06-09,47.79999923706055,50.75,47.79999923706055,50.75,36.73433303833008,11600,PONNIERODE,,,Ponni Sugars (Erode) Limited
2006-06-12,53.29999923706055,53.29999923706055,53.29999923706055,53.29999923706055,38.58009338378906,7600,PONNIERODE,,,Ponni Sugars (Erode) Limited
2006-06-13,55.75,56.0,54.70000076293945,56.0,40.53443145751953,31300,PONNIERODE,,,Ponni Sugars (Erode) Limited
2006-06-14,58.0,58.79999923706055,53.5,54.59999847412109,39.52107238769531,14100,PONNIERODE,,,Ponni Sugars (Erode) Limited
2006-06-15,56.0,56.09999847412109,52.20000076293945,54.45000076293945,39.41249847412109,16441,PONNIERODE,,,Ponni Sugars (Erode) Limited
2006-06-16,56.5,57.20000076293945,56.29999923706055,57.20000076293945,41.40303039550781,8567,PONNIERODE,,,Ponni Sugars (Erode) Limited
2006-06-19,59.0,60.09999847412109,55.0,59.79999923706055,43.28498458862305,33500,PONNIERODE,,,Ponni Sugars (Erode) Limited
2006-06-20,59.900001525878906,62.79999923706055,58.20000076293945,62.79999923706055,45.45646286010742,28000,PONNIERODE,,,Ponni Sugars (Erode) Limited
2006-06-21,65.0,65.94999694824219,64.0,65.94999694824219,47.73652648925781,11000,PONNIERODE,,,Ponni Sugars (Erode) Limited
2006-06-22,69.19999694824219,69.25,68.25,69.25,50.12517166137695,5600,PONNIERODE,,,Ponni Sugars (Erode) Limited
2006-06-23,71.8499984741211,71.8499984741211,68.05000305175781,69.25,50.12517166137695,29500,PONNIERODE,,,Ponni Sugars (Erode) Limited
2006-06-26,72.0,72.0,66.1500015258789,66.1500015258789,47.88129806518555,11000,PONNIERODE,,,Ponni Sugars (Erode) Limited
2006-06-27,66.25,66.25,62.84999847412109,62.84999847412109,45.49265670776367,2600,PONNIERODE,,,Ponni Sugars (Erode) Limited
2006-06-28,60.0,64.6500015258789,59.75,61.84999847412109,44.768829345703125,8500,PONNIERODE,,,Ponni Sugars (Erode) Limited
2006-06-29,64.0,64.0,62.25,62.400001525878906,45.16693878173828,7000,PONNIERODE,,,Ponni Sugars (Erode) Limited
2006-06-30,65.0,65.0,62.54999923706055,63.75,46.14411163330078,5700,PONNIERODE,,,Ponni Sugars (Erode) Limited
2006-07-03,66.0,66.0,62.0,63.20000076293945,45.74599838256836,5500,PONNIERODE,,,Ponni Sugars (Erode) Limited
2006-07-04,62.150001525878906,64.0,62.150001525878906,62.95000076293945,45.56504440307617,3900,PONNIERODE,,,Ponni Sugars (Erode) Limited
2006-07-05,63.0,63.70000076293945,62.0,62.5,45.23932647705078,9200,PONNIERODE,,,Ponni Sugars (Erode) Limited
2006-07-06,60.70000076293945,63.0,60.70000076293945,62.150001525878906,44.985984802246094,4600,PONNIERODE,,,Ponni Sugars (Erode) Limited
2006-07-07,64.1500015258789,64.19999694824219,61.25,61.75,44.69646072387695,15000,PONNIERODE,,,Ponni Sugars (Erode) Limited
2006-07-10,60.0,62.900001525878906,60.0,61.25,44.33454895019531,6800,PONNIERODE,,,Ponni Sugars (Erode) Limited
2006-07-11,60.400001525878906,62.400001525878906,60.0,60.650001525878906,43.900238037109375,15400,PONNIERODE,,,Ponni Sugars (Erode) Limited
2006-07-12,61.0,61.45000076293945,59.0,60.29999923706055,43.64690399169922,4600,PONNIERODE,,,Ponni Sugars (Erode) Limited
2006-07-13,60.95000076293945,61.45000076293945,60.70000076293945,61.25,45.69868087768555,1600,PONNIERODE,,,Ponni Sugars (Erode) Limited
2006-07-14,61.34999847412109,61.34999847412109,58.650001525878906,60.34999847412109,45.02718353271485,6300,PONNIERODE,,,Ponni Sugars (Erode) Limited
2006-07-17,59.59999847412109,61.0,58.20000076293945,59.400001525878906,44.31838607788086,3200,PONNIERODE,,,Ponni Sugars (Erode) Limited
2006-07-18,57.75,58.59999847412109,56.5,56.75,42.341217041015625,4000,PONNIERODE,,,Ponni Sugars (Erode) Limited
2006-07-19,54.04999923706055,56.150001525878906,54.04999923706055,54.59999847412109,40.737098693847656,6000,PONNIERODE,,,Ponni Sugars (Erode) Limited
2006-07-20,56.95000076293945,56.95000076293945,51.95000076293945,54.59999847412109,40.737098693847656,5600,PONNIERODE,,,Ponni Sugars (Erode) Limited
2006-07-21,54.0,55.25,54.0,54.70000076293945,40.81171798706055,12300,PONNIERODE,,,Ponni Sugars (Erode) Limited
2006-07-24,53.0,57.400001525878906,52.0,54.75,40.84901809692383,5700,PONNIERODE,,,Ponni Sugars (Erode) Limited
2006-07-25,55.0,57.0,55.0,56.0,41.781646728515625,6500,PONNIERODE,,,Ponni Sugars (Erode) Limited
2006-07-26,56.79999923706055,56.900001525878906,53.79999923706055,56.09999847412109,41.85625076293945,2200,PONNIERODE,,,Ponni Sugars (Erode) Limited
2006-07-27,58.0,58.5,56.900001525878906,57.25,42.71426773071289,4200,PONNIERODE,,,Ponni Sugars (Erode) Limited
2006-07-28,57.0,58.70000076293945,55.20000076293945,56.150001525878906,41.8935546875,38500,PONNIERODE,,,Ponni Sugars (Erode) Limited
2006-07-31,57.79999923706055,57.95000076293945,56.25,56.45000076293945,42.11739349365234,6800,PONNIERODE,,,Ponni Sugars (Erode) Limited
2006-08-01,56.95000076293945,56.95000076293945,55.45000076293945,55.900001525878906,41.70703887939453,1900,PONNIERODE,,,Ponni Sugars (Erode) Limited
2006-08-02,55.0,56.900001525878906,55.0,56.70000076293945,42.30391693115234,3000,PONNIERODE,,,Ponni Sugars (Erode) Limited
2006-08-03,56.70000076293945,59.54999923706055,56.04999923706055,59.54999923706055,44.43030548095703,28343,PONNIERODE,,,Ponni Sugars (Erode) Limited
2006-08-04,61.75,62.54999923706055,59.0,59.84999847412109,44.65413284301758,41800,PONNIERODE,,,Ponni Sugars (Erode) Limited
2006-08-07,60.0,61.5,59.0,59.75,44.579532623291016,11800,PONNIERODE,,,Ponni Sugars (Erode) Limited
2006-08-08,60.0,61.5,58.59999847412109,59.84999847412109,44.65413284301758,10200,PONNIERODE,,,Ponni Sugars (Erode) Limited
2006-08-09,61.29999923706055,62.84999847412109,61.29999923706055,62.84999847412109,46.89242935180664,24400,PONNIERODE,,,Ponni Sugars (Erode) Limited
2006-08-10,64.0,68.25,63.0,64.8499984741211,48.38463592529297,43100,PONNIERODE,,,Ponni Sugars (Erode) Limited
2006-08-11,67.0,68.5,64.0,65.94999694824219,49.20534133911133,43200,PONNIERODE,,,Ponni Sugars (Erode) Limited
2006-08-14,66.94999694824219,66.94999694824219,63.0,63.84999847412109,47.63854217529297,16900,PONNIERODE,,,Ponni Sugars (Erode) Limited
2006-08-16,62.0,62.0,58.400001525878906,59.84999847412109,44.65413284301758,21900,PONNIERODE,,,Ponni Sugars (Erode) Limited
2006-08-17,57.0,59.84999847412109,56.29999923706055,57.54999923706055,42.93810272216797,13700,PONNIERODE,,,Ponni Sugars (Erode) Limited
2006-08-18,59.59999847412109,62.5,56.900001525878906,59.75,44.579532623291016,26000,PONNIERODE,,,Ponni Sugars (Erode) Limited
2006-08-21,61.70000076293945,62.45000076293945,60.34999847412109,60.84999847412109,45.40023422241211,13800,PONNIERODE,,,Ponni Sugars (Erode) Limited
2006-08-22,62.45000076293945,62.45000076293945,60.0,60.150001525878906,44.877960205078125,9500,PONNIERODE,,,Ponni Sugars (Erode) Limited
2006-08-23,59.0,61.75,58.5,58.95000076293945,43.982643127441406,3800,PONNIERODE,,,Ponni Sugars (Erode) Limited
2006-08-24,58.29999923706055,60.0,58.29999923706055,59.70000076293945,44.542213439941406,4300,PONNIERODE,,,Ponni Sugars (Erode) Limited
2006-08-25,60.25,61.04999923706055,58.79999923706055,59.25,44.20647811889648,6000,PONNIERODE,,,Ponni Sugars (Erode) Limited
2006-08-28,57.0,59.0,57.0,57.34999847412109,42.788875579833984,8100,PONNIERODE,,,Ponni Sugars (Erode) Limited
2006-08-29,59.900001525878906,59.900001525878906,56.400001525878906,56.75,42.341217041015625,14700,PONNIERODE,,,Ponni Sugars (Erode) Limited
2006-08-30,58.29999923706055,58.29999923706055,56.59999847412109,57.0,42.52774810791016,2200,PONNIERODE,,,Ponni Sugars (Erode) Limited
2006-08-31,57.25,57.25,55.0,55.95000076293945,41.74434280395508,4900,PONNIERODE,,,Ponni Sugars (Erode) Limited
2006-09-01,56.75,57.900001525878906,56.75,57.25,42.71426773071289,6700,PONNIERODE,,,Ponni Sugars (Erode) Limited
2006-09-04,58.5,58.59999847412109,56.0,57.79999923706055,43.12462615966797,7700,PONNIERODE,,,Ponni Sugars (Erode) Limited
2006-09-05,56.34999847412109,58.25,56.29999923706055,57.25,42.71426773071289,7300,PONNIERODE,,,Ponni Sugars (Erode) Limited
2006-09-06,56.25,57.900001525878906,56.25,57.20000076293945,42.67696762084961,6700,PONNIERODE,,,Ponni Sugars (Erode) Limited
2006-09-07,56.54999923706055,58.79999923706055,56.0,56.79999923706055,42.37852096557617,6500,PONNIERODE,,,Ponni Sugars (Erode) Limited
2006-09-08,56.5,58.45000076293945,56.20000076293945,57.09999847412109,42.60234832763672,9700,PONNIERODE,,,Ponni Sugars (Erode) Limited
2006-09-11,57.0,58.0,55.0,55.70000076293945,41.55781555175781,9100,PONNIERODE,,,Ponni Sugars (Erode) Limited
2006-09-12,55.59999847412109,56.70000076293945,54.04999923706055,55.04999923706055,41.072853088378906,3100,PONNIERODE,,,Ponni Sugars (Erode) Limited
2006-09-13,56.0,57.95000076293945,55.75,56.70000076293945,42.30391693115234,8800,PONNIERODE,,,Ponni Sugars (Erode) Limited
2006-09-14,57.5,57.5,56.09999847412109,56.34999847412109,42.04277801513672,3300,PONNIERODE,,,Ponni Sugars (Erode) Limited
2006-09-15,56.0,56.5,54.5,56.0,41.781646728515625,3000,PONNIERODE,,,Ponni Sugars (Erode) Limited
2006-09-18,56.0,57.75,56.0,56.54999923706055,42.19200134277344,4700,PONNIERODE,,,Ponni Sugars (Erode) Limited
2006-09-19,56.25,58.5,56.0,57.34999847412109,42.788875579833984,12900,PONNIERODE,,,Ponni Sugars (Erode) Limited
2006-09-20,56.0,56.20000076293945,55.0,55.54999923706055,41.44589614868164,8100,PONNIERODE,,,Ponni Sugars (Erode) Limited
2006-09-21,56.5,56.79999923706055,55.25,55.5,41.40859603881836,7500,PONNIERODE,,,Ponni Sugars (Erode) Limited
2006-09-22,55.20000076293945,56.0,55.0,55.150001525878906,41.147457122802734,4600,PONNIERODE,,,Ponni Sugars (Erode) Limited
2006-09-25,55.0,55.59999847412109,54.400001525878906,55.0,41.03554153442383,2900,PONNIERODE,,,Ponni Sugars (Erode) Limited
2006-09-26,55.0,55.0,54.09999847412109,54.5,40.66249847412109,3800,PONNIERODE,,,Ponni Sugars (Erode) Limited
2006-09-27,54.5,55.0,53.09999847412109,53.84999847412109,40.17753219604492,7000,PONNIERODE,,,Ponni Sugars (Erode) Limited
2006-09-28,54.0,59.25,54.0,59.25,44.20647811889648,39800,PONNIERODE,,,Ponni Sugars (Erode) Limited
2006-09-29,65.19999694824219,65.19999694824219,60.5,62.79999923706055,46.85512161254883,88400,PONNIERODE,,,Ponni Sugars (Erode) Limited
2006-10-03,62.0,64.0,59.150001525878906,59.84999847412109,44.65413284301758,26400,PONNIERODE,,,Ponni Sugars (Erode) Limited
2006-10-04,60.0,62.900001525878906,56.0,60.5,45.13909912109375,23100,PONNIERODE,,,Ponni Sugars (Erode) Limited
2006-10-05,61.900001525878906,62.95000076293945,60.25,60.34999847412109,45.02718353271485,14200,PONNIERODE,,,Ponni Sugars (Erode) Limited
2006-10-06,60.29999923706055,61.0,59.5,59.70000076293945,44.542213439941406,8700,PONNIERODE,,,Ponni Sugars (Erode) Limited
2006-10-09,60.0,61.0,59.0,59.79999923706055,44.6168212890625,6200,PONNIERODE,,,Ponni Sugars (Erode) Limited
2006-10-10,60.95000076293945,62.70000076293945,60.0,62.04999923706055,46.29555892944336,41400,PONNIERODE,,,Ponni Sugars (Erode) Limited
2006-10-11,59.0,62.0,59.0,59.650001525878906,44.50490951538086,9400,PONNIERODE,,,Ponni Sugars (Erode) Limited
2006-10-12,58.70000076293945,60.0,58.54999923706055,59.79999923706055,44.6168212890625,5100,PONNIERODE,,,Ponni Sugars (Erode) Limited
2006-10-13,60.0,61.650001525878906,59.29999923706055,59.84999847412109,44.65413284301758,9400,PONNIERODE,,,Ponni Sugars (Erode) Limited
2006-10-16,59.5,62.0,58.79999923706055,60.0,44.76604080200195,20300,PONNIERODE,,,Ponni Sugars (Erode) Limited
2006-10-17,59.09999847412109,62.0,59.09999847412109,59.95000076293945,44.72874069213867,8400,PONNIERODE,,,Ponni Sugars (Erode) Limited
2006-10-18,48.09999847412109,64.80000305175781,48.09999847412109,64.0,47.75045394897461,82100,PONNIERODE,,,Ponni Sugars (Erode) Limited
2006-10-19,66.0,66.44999694824219,63.0,63.59999847412109,47.45201110839844,60800,PONNIERODE,,,Ponni Sugars (Erode) Limited
2006-10-20,65.0,66.19999694824219,63.25,64.25,47.93697738647461,27900,PONNIERODE,,,Ponni Sugars (Erode) Limited
2006-10-23,63.5,65.0,62.09999847412109,64.5,48.12350082397461,19600,PONNIERODE,,,Ponni Sugars (Erode) Limited
2006-10-26,65.0,65.19999694824219,63.20000076293945,63.45000076293945,47.3400993347168,9100,PONNIERODE,,,Ponni Sugars (Erode) Limited
2006-10-27,63.5,65.0,62.70000076293945,63.0,47.004356384277344,16000,PONNIERODE,,,Ponni Sugars (Erode) Limited
2006-10-30,64.0999984741211,64.0999984741211,61.54999923706055,61.900001525878906,46.18364334106445,11200,PONNIERODE,,,Ponni Sugars (Erode) Limited
2006-10-31,62.0,62.0,59.59999847412109,59.70000076293945,44.542213439941406,6200,PONNIERODE,,,Ponni Sugars (Erode) Limited
2006-11-01,60.5,62.900001525878906,59.54999923706055,60.79999923706055,45.3629264831543,21000,PONNIERODE,,,Ponni Sugars (Erode) Limited
2006-11-02,60.5,61.79999923706055,60.0,60.09999847412109,44.84065628051758,4100,PONNIERODE,,,Ponni Sugars (Erode) Limited
2006-11-03,60.0,60.09999847412109,58.59999847412109,59.0,44.01993942260742,7000,PONNIERODE,,,Ponni Sugars (Erode) Limited
2006-11-06,60.0,60.5,58.5,58.95000076293945,43.982643127441406,6800,PONNIERODE,,,Ponni Sugars (Erode) Limited
2006-11-07,59.70000076293945,59.70000076293945,57.25,57.5,42.90080261230469,6800,PONNIERODE,,,Ponni Sugars (Erode) Limited
2006-11-08,57.5,58.0,56.5,57.400001525878906,42.82619094848633,9200,PONNIERODE,,,Ponni Sugars (Erode) Limited
2006-11-09,57.900001525878906,61.79999923706055,57.54999923706055,58.20000076293945,43.42306518554688,22100,PONNIERODE,,,Ponni Sugars (Erode) Limited
2006-11-10,59.0,59.0,57.0,57.29999923706055,42.7515754699707,4600,PONNIERODE,,,Ponni Sugars (Erode) Limited
2006-11-13,58.5,58.5,57.25,57.75,43.08732223510742,3900,PONNIERODE,,,Ponni Sugars (Erode) Limited
2006-11-14,57.0,57.900001525878906,56.09999847412109,57.04999923706055,42.565059661865234,5000,PONNIERODE,,,Ponni Sugars (Erode) Limited
2006-11-15,57.09999847412109,57.09999847412109,54.5,55.0,41.03554153442383,6700,PONNIERODE,,,Ponni Sugars (Erode) Limited
2006-11-16,55.59999847412109,56.900001525878906,55.59999847412109,55.900001525878906,41.70703887939453,6800,PONNIERODE,,,Ponni Sugars (Erode) Limited
2006-11-17,54.04999923706055,57.04999923706055,52.0,52.79999923706055,39.39412307739258,41000,PONNIERODE,,,Ponni Sugars (Erode) Limited
2006-11-20,50.0,57.79999923706055,50.0,56.25,41.968170166015625,55300,PONNIERODE,,,Ponni Sugars (Erode) Limited
2006-11-21,57.900001525878906,58.0,54.5,54.900001525878906,40.9609375,24100,PONNIERODE,,,Ponni Sugars (Erode) Limited
2006-11-22,54.5,55.79999923706055,54.20000076293945,54.400001525878906,40.58788299560547,7200,PONNIERODE,,,Ponni Sugars (Erode) Limited
2006-11-23,54.0,54.650001525878906,52.79999923706055,53.59999847412109,39.99100112915039,24700,PONNIERODE,,,Ponni Sugars (Erode) Limited
2006-11-24,54.95000076293945,54.95000076293945,52.5,52.79999923706055,39.39412307739258,7700,PONNIERODE,,,Ponni Sugars (Erode) Limited
2006-11-27,51.09999847412109,53.5,51.09999847412109,52.09999847412109,38.871849060058594,6500,PONNIERODE,,,Ponni Sugars (Erode) Limited
2006-11-28,51.29999923706055,52.09999847412109,51.29999923706055,51.75,38.61071395874024,3300,PONNIERODE,,,Ponni Sugars (Erode) Limited
2006-11-29,51.59999847412109,53.900001525878906,51.59999847412109,53.400001525878906,39.84178161621094,10200,PONNIERODE,,,Ponni Sugars (Erode) Limited
2006-11-30,52.20000076293945,52.95000076293945,52.20000076293945,52.400001525878906,39.09567260742188,3300,PONNIERODE,,,Ponni Sugars (Erode) Limited
2006-12-01,52.59999847412109,52.900001525878906,50.650001525878906,51.09999847412109,38.12574005126953,6300,PONNIERODE,,,Ponni Sugars (Erode) Limited
2006-12-04,51.70000076293945,59.0,51.0,56.84999847412109,42.41583633422852,53900,PONNIERODE,,,Ponni Sugars (Erode) Limited
2006-12-05,59.75,60.75,55.75,56.70000076293945,42.30391693115234,37500,PONNIERODE,,,Ponni Sugars (Erode) Limited
2006-12-06,57.0,58.45000076293945,56.0,56.400001525878906,42.08009719848633,10200,PONNIERODE,,,Ponni Sugars (Erode) Limited
2006-12-07,55.0,55.95000076293945,54.5,55.04999923706055,41.072853088378906,1691,PONNIERODE,,,Ponni Sugars (Erode) Limited
2006-12-08,55.09999847412109,57.70000076293945,54.0,55.0,41.03554153442383,8900,PONNIERODE,,,Ponni Sugars (Erode) Limited
2006-12-11,54.59999847412109,55.25,50.09999847412109,50.5,37.67808532714844,13000,PONNIERODE,,,Ponni Sugars (Erode) Limited
2006-12-12,50.70000076293945,53.25,44.20000076293945,46.150001525878906,34.43255615234375,14700,PONNIERODE,,,Ponni Sugars (Erode) Limited
2006-12-13,41.0,51.45000076293945,41.0,49.650001525878906,37.04389953613281,18900,PONNIERODE,,,Ponni Sugars (Erode) Limited
2006-12-14,52.5,52.5,50.09999847412109,51.20000076293945,38.20035934448242,7500,PONNIERODE,,,Ponni Sugars (Erode) Limited
2006-12-15,52.0,53.0,51.0,51.45000076293945,38.38689422607422,9600,PONNIERODE,,,Ponni Sugars (Erode) Limited
2006-12-18,51.0,51.04999923706055,49.09999847412109,50.34999847412109,37.56617736816406,5800,PONNIERODE,,,Ponni Sugars (Erode) Limited
2006-12-19,52.0,58.900001525878906,52.0,53.29999923706055,39.76717758178711,56100,PONNIERODE,,,Ponni Sugars (Erode) Limited
2006-12-20,54.25,54.75,51.25,51.650001525878906,38.53611755371094,13500,PONNIERODE,,,Ponni Sugars (Erode) Limited
2006-12-21,51.0,51.75,50.0,50.20000076293945,37.45425796508789,5400,PONNIERODE,,,Ponni Sugars (Erode) Limited
2006-12-22,49.5,51.04999923706055,49.5,49.75,37.11852264404297,8300,PONNIERODE,,,Ponni Sugars (Erode) Limited
2006-12-26,50.0,50.84999847412109,48.29999923706055,49.0,36.55893325805664,10200,PONNIERODE,,,Ponni Sugars (Erode) Limited
2006-12-27,49.900001525878906,50.0,48.5,48.900001525878906,36.484336853027344,4900,PONNIERODE,,,Ponni Sugars (Erode) Limited
2006-12-28,49.29999923706055,50.900001525878906,48.20000076293945,48.59999847412109,36.260498046875,12100,PONNIERODE,,,Ponni Sugars (Erode) Limited
2006-12-29,50.0,50.0,48.75,49.150001525878906,36.67085266113281,6000,PONNIERODE,,,Ponni Sugars (Erode) Limited
2007-01-02,50.0,50.0,48.25,49.45000076293945,36.89468765258789,3700,PONNIERODE,,,Ponni Sugars (Erode) Limited
2007-01-03,48.09999847412109,50.0,48.09999847412109,48.95000076293945,36.52163314819336,5900,PONNIERODE,,,Ponni Sugars (Erode) Limited
2007-01-04,48.0,50.400001525878906,46.0,49.400001525878906,36.857383728027344,17400,PONNIERODE,,,Ponni Sugars (Erode) Limited
2007-01-05,48.25,50.0,48.25,49.04999923706055,36.59623718261719,5700,PONNIERODE,,,Ponni Sugars (Erode) Limited
2007-01-08,49.900001525878906,50.650001525878906,49.20000076293945,49.29999923706055,36.78277206420898,12600,PONNIERODE,,,Ponni Sugars (Erode) Limited
2007-01-09,51.95000076293945,51.95000076293945,48.20000076293945,48.75,36.37242126464844,3200,PONNIERODE,,,Ponni Sugars (Erode) Limited
2007-01-10,48.04999923706055,49.70000076293945,48.0,48.20000076293945,35.96206283569336,8100,PONNIERODE,,,Ponni Sugars (Erode) Limited
2007-01-11,50.25,50.25,47.75,48.400001525878906,36.11127853393555,6600,PONNIERODE,,,Ponni Sugars (Erode) Limited
2007-01-12,55.5,57.79999923706055,51.5,51.95000076293945,38.75993728637695,106900,PONNIERODE,,,Ponni Sugars (Erode) Limited
2007-01-15,54.0,54.0,49.09999847412109,49.70000076293945,37.08121109008789,10740,PONNIERODE,,,Ponni Sugars (Erode) Limited
2007-01-16,50.0,50.0,47.5,48.0,35.81283950805664,13800,PONNIERODE,,,Ponni Sugars (Erode) Limited
2007-01-17,49.0,50.70000076293945,48.400001525878906,49.09999847412109,36.633544921875,12659,PONNIERODE,,,Ponni Sugars (Erode) Limited
2007-01-18,48.09999847412109,49.900001525878906,48.09999847412109,48.650001525878906,36.29780578613281,3900,PONNIERODE,,,Ponni Sugars (Erode) Limited
2007-01-19,49.0,49.0,46.70000076293945,48.0,35.81283950805664,19300,PONNIERODE,,,Ponni Sugars (Erode) Limited
2007-01-22,47.5,47.5,44.04999923706055,45.29999923706055,33.798362731933594,20000,PONNIERODE,,,Ponni Sugars (Erode) Limited
2007-01-23,44.04999923706055,47.29999923706055,44.04999923706055,46.70000076293945,34.84291076660156,24653,PONNIERODE,,,Ponni Sugars (Erode) Limited
2007-01-24,45.0,47.0,44.0,45.29999923706055,33.798362731933594,28500,PONNIERODE,,,Ponni Sugars (Erode) Limited
2007-01-25,44.25,45.650001525878906,44.25,45.0,33.57453918457031,18500,PONNIERODE,,,Ponni Sugars (Erode) Limited
2007-01-29,44.09999847412109,45.29999923706055,43.79999923706055,44.150001525878906,32.94035720825195,14900,PONNIERODE,,,Ponni Sugars (Erode) Limited
2007-01-31,44.0,44.0,42.0,42.79999923706055,31.93311309814453,17500,PONNIERODE,,,Ponni Sugars (Erode) Limited
2007-02-01,42.5,43.0,41.0,42.0,31.33623313903809,17946,PONNIERODE,,,Ponni Sugars (Erode) Limited
2007-02-02,41.0,43.0,41.0,42.45000076293945,31.671979904174805,13100,PONNIERODE,,,Ponni Sugars (Erode) Limited
2007-02-05,38.5,42.59999847412109,38.09999847412109,42.0,31.33623313903809,7461,PONNIERODE,,,Ponni Sugars (Erode) Limited
2007-02-06,41.75,44.0,41.70000076293945,42.34999847412109,31.59737777709961,35100,PONNIERODE,,,Ponni Sugars (Erode) Limited
2007-02-07,42.5,42.79999923706055,41.79999923706055,41.900001525878906,31.26161766052246,13200,PONNIERODE,,,Ponni Sugars (Erode) Limited
2007-02-08,40.5,42.0,40.5,41.09999847412109,30.66474151611328,8240,PONNIERODE,,,Ponni Sugars (Erode) Limited
2007-02-09,40.0,40.900001525878906,40.0,40.75,30.40360641479492,15700,PONNIERODE,,,Ponni Sugars (Erode) Limited
2007-02-12,36.5,41.29999923706055,36.5,39.900001525878906,29.769418716430664,11800,PONNIERODE,,,Ponni Sugars (Erode) Limited
2007-02-13,39.0,41.0,39.0,39.59999847412109,29.54559326171875,3900,PONNIERODE,,,Ponni Sugars (Erode) Limited
2007-02-14,46.900001525878906,46.900001525878906,38.400001525878906,40.0,29.844039916992188,8500,PONNIERODE,,,Ponni Sugars (Erode) Limited
2007-02-15,39.75,43.5,36.0,41.650001525878906,31.075101852416992,19800,PONNIERODE,,,Ponni Sugars (Erode) Limited
2007-02-19,42.09999847412109,43.5,40.70000076293945,41.400001525878906,30.88857650756836,13850,PONNIERODE,,,Ponni Sugars (Erode) Limited
2007-02-20,40.5,41.5,39.79999923706055,39.84999847412109,29.73211479187012,11400,PONNIERODE,,,Ponni Sugars (Erode) Limited
2007-02-21,38.150001525878906,40.75,38.150001525878906,40.09999847412109,29.918636322021484,2100,PONNIERODE,,,Ponni Sugars (Erode) Limited
2007-02-22,39.0,41.0,39.0,39.79999923706055,29.69481468200684,2100,PONNIERODE,,,Ponni Sugars (Erode) Limited
2007-02-23,38.59999847412109,39.34999847412109,38.59999847412109,38.70000076293945,28.874101638793945,4600,PONNIERODE,,,Ponni Sugars (Erode) Limited
2007-02-26,39.0,40.400001525878906,37.59999847412109,38.95000076293945,29.06063270568848,8000,PONNIERODE,,,Ponni Sugars (Erode) Limited
2007-02-27,40.09999847412109,40.650001525878906,39.59999847412109,39.79999923706055,29.69481468200684,3175,PONNIERODE,,,Ponni Sugars (Erode) Limited
2007-02-28,40.0,41.29999923706055,38.84999847412109,38.95000076293945,29.06063270568848,9768,PONNIERODE,,,Ponni Sugars (Erode) Limited
2007-03-01,38.29999923706055,41.0,38.29999923706055,39.34999847412109,29.35905838012696,5500,PONNIERODE,,,Ponni Sugars (Erode) Limited
2007-03-02,38.25,42.900001525878906,38.25,40.84999847412109,30.47821617126465,20008,PONNIERODE,,,Ponni Sugars (Erode) Limited
2007-03-05,40.0,40.0,38.0,38.25,28.538360595703125,4727,PONNIERODE,,,Ponni Sugars (Erode) Limited
2007-03-06,38.0,38.70000076293945,35.650001525878906,36.45000076293945,27.19537353515625,5038,PONNIERODE,,,Ponni Sugars (Erode) Limited
2007-03-07,37.0,38.70000076293945,36.5,37.09999847412109,27.680339813232425,5700,PONNIERODE,,,Ponni Sugars (Erode) Limited
2007-03-08,36.0,36.5,35.0,36.150001525878906,26.97154426574707,4600,PONNIERODE,,,Ponni Sugars (Erode) Limited
2007-03-09,36.5,37.5,35.099998474121094,35.849998474121094,26.747711181640625,2500,PONNIERODE,,,Ponni Sugars (Erode) Limited
2007-03-12,38.5,38.5,36.45000076293945,37.75,28.1653060913086,3500,PONNIERODE,,,Ponni Sugars (Erode) Limited
2007-03-13,38.400001525878906,38.400001525878906,36.59999847412109,37.150001525878906,27.717647552490234,2700,PONNIERODE,,,Ponni Sugars (Erode) Limited
2007-03-14,36.59999847412109,38.0,35.0,37.45000076293945,27.941482543945312,2700,PONNIERODE,,,Ponni Sugars (Erode) Limited
2007-03-15,37.5,38.20000076293945,35.5,36.04999923706055,26.896934509277344,5100,PONNIERODE,,,Ponni Sugars (Erode) Limited
2007-03-16,35.75,35.75,35.0,35.20000076293945,26.26274299621582,2626,PONNIERODE,,,Ponni Sugars (Erode) Limited
2007-03-19,34.099998474121094,37.5,34.0,34.45000076293945,25.703170776367188,5456,PONNIERODE,,,Ponni Sugars (Erode) Limited
2007-03-20,34.599998474121094,35.5,33.5,34.150001525878906,25.47934341430664,9800,PONNIERODE,,,Ponni Sugars (Erode) Limited
2007-03-21,34.70000076293945,34.95000076293945,33.599998474121094,34.70000076293945,25.889698028564453,2366,PONNIERODE,,,Ponni Sugars (Erode) Limited
2007-03-22,35.25,35.349998474121094,34.5,35.349998474121094,26.374658584594727,4100,PONNIERODE,,,Ponni Sugars (Erode) Limited
2007-03-23,34.79999923706055,36.95000076293945,30.200000762939453,34.150001525878906,25.47934341430664,10829,PONNIERODE,,,Ponni Sugars (Erode) Limited
2007-03-26,35.900001525878906,40.84999847412109,35.900001525878906,37.900001525878906,28.277219772338867,51500,PONNIERODE,,,Ponni Sugars (Erode) Limited
2007-03-28,38.20000076293945,43.45000076293945,38.20000076293945,40.95000076293945,30.55282974243164,115952,PONNIERODE,,,Ponni Sugars (Erode) Limited
2007-03-29,43.0,45.0,39.84999847412109,41.59999847412109,31.03779029846192,117147,PONNIERODE,,,Ponni Sugars (Erode) Limited
2007-03-30,42.0,43.09999847412109,40.5,41.84999847412109,31.22431945800781,49724,PONNIERODE,,,Ponni Sugars (Erode) Limited
2007-04-02,42.75,44.34999847412109,40.5,41.45000076293945,30.925880432128903,71728,PONNIERODE,,,Ponni Sugars (Erode) Limited
2007-04-03,41.20000076293945,42.400001525878906,39.0,40.79999923706055,30.440916061401367,30700,PONNIERODE,,,Ponni Sugars (Erode) Limited
2007-04-04,42.0,43.0,40.5,41.34999847412109,30.85126686096192,38809,PONNIERODE,,,Ponni Sugars (Erode) Limited
2007-04-05,39.150001525878906,42.650001525878906,39.150001525878906,41.0,30.59014129638672,47900,PONNIERODE,,,Ponni Sugars (Erode) Limited
2007-04-09,40.0,41.150001525878906,39.75,39.95000076293945,29.80672645568848,14100,PONNIERODE,,,Ponni Sugars (Erode) Limited
2007-04-10,38.5,41.900001525878906,38.5,39.25,29.284461975097656,14900,PONNIERODE,,,Ponni Sugars (Erode) Limited
2007-04-11,39.70000076293945,40.0,38.79999923706055,39.09999847412109,29.172542572021484,8500,PONNIERODE,,,Ponni Sugars (Erode) Limited
2007-04-12,38.20000076293945,39.95000076293945,38.20000076293945,38.29999923706055,28.575664520263672,6268,PONNIERODE,,,Ponni Sugars (Erode) Limited
2007-04-13,38.5,38.5,37.0,37.09999847412109,27.680339813232425,9700,PONNIERODE,,,Ponni Sugars (Erode) Limited
2007-04-16,35.349998474121094,37.650001525878906,35.349998474121094,37.04999923706055,27.643037796020508,17800,PONNIERODE,,,Ponni Sugars (Erode) Limited
2007-04-17,38.0,38.0,37.0,37.150001525878906,27.717647552490234,5900,PONNIERODE,,,Ponni Sugars (Erode) Limited
2007-04-18,36.5,38.0,36.5,37.5,27.97878074645996,9500,PONNIERODE,,,Ponni Sugars (Erode) Limited
2007-04-19,37.0,38.0,37.0,37.0,27.60573005676269,4700,PONNIERODE,,,Ponni Sugars (Erode) Limited
2007-04-20,35.20000076293945,37.70000076293945,35.20000076293945,37.09999847412109,27.680339813232425,8400,PONNIERODE,,,Ponni Sugars (Erode) Limited
2007-04-23,37.0,38.29999923706055,36.70000076293945,37.0,27.60573005676269,7200,PONNIERODE,,,Ponni Sugars (Erode) Limited
2007-04-24,37.0,37.84999847412109,36.04999923706055,36.54999923706055,27.269981384277344,8500,PONNIERODE,,,Ponni Sugars (Erode) Limited
2007-04-25,35.5,36.20000076293945,35.29999923706055,35.45000076293945,26.449277877807617,4300,PONNIERODE,,,Ponni Sugars (Erode) Limited
2007-04-26,35.25,35.75,35.04999923706055,35.150001525878906,26.22544288635254,6900,PONNIERODE,,,Ponni Sugars (Erode) Limited
2007-04-27,33.79999923706055,35.0,33.79999923706055,34.599998474121094,25.815086364746094,4300,PONNIERODE,,,Ponni Sugars (Erode) Limited
2007-04-30,33.79999923706055,37.95000076293945,33.25,35.79999923706055,26.710405349731445,6500,PONNIERODE,,,Ponni Sugars (Erode) Limited
2007-05-03,35.599998474121094,38.25,35.599998474121094,37.95000076293945,28.314531326293945,21800,PONNIERODE,,,Ponni Sugars (Erode) Limited
2007-05-04,38.5,38.5,36.400001525878906,36.54999923706055,27.269981384277344,4500,PONNIERODE,,,Ponni Sugars (Erode) Limited
2007-05-07,37.400001525878906,38.25,36.400001525878906,37.75,28.1653060913086,13100,PONNIERODE,,,Ponni Sugars (Erode) Limited
2007-05-08,37.75,37.75,37.04999923706055,37.5,27.97878074645996,5300,PONNIERODE,,,Ponni Sugars (Erode) Limited
2007-05-09,37.0,37.75,37.0,37.54999923706055,28.01608657836914,4000,PONNIERODE,,,Ponni Sugars (Erode) Limited
2007-05-10,37.25,38.0,37.0,37.95000076293945,28.314531326293945,6800,PONNIERODE,,,Ponni Sugars (Erode) Limited
2007-05-11,37.0,41.400001525878906,36.54999923706055,40.29999923706055,30.06786346435547,24100,PONNIERODE,,,Ponni Sugars (Erode) Limited
2007-05-14,40.0,45.0,40.0,41.59999847412109,31.03779029846192,47700,PONNIERODE,,,Ponni Sugars (Erode) Limited
2007-05-15,40.54999923706055,41.0,39.0,39.09999847412109,29.172542572021484,15500,PONNIERODE,,,Ponni Sugars (Erode) Limited
2007-05-16,38.54999923706055,39.900001525878906,38.54999923706055,39.54999923706055,29.508283615112305,4300,PONNIERODE,,,Ponni Sugars (Erode) Limited
2007-05-17,39.0,41.70000076293945,38.650001525878906,40.34999847412109,30.10516166687012,37000,PONNIERODE,,,Ponni Sugars (Erode) Limited
2007-05-18,40.0,40.900001525878906,39.0,39.84999847412109,29.73211479187012,13000,PONNIERODE,,,Ponni Sugars (Erode) Limited
2007-05-21,36.5,40.75,36.5,40.150001525878906,29.95595359802246,16500,PONNIERODE,,,Ponni Sugars (Erode) Limited
2007-05-22,40.5,42.0,40.5,41.04999923706055,30.62742805480957,21200,PONNIERODE,,,Ponni Sugars (Erode) Limited
2007-05-23,41.0,41.400001525878906,40.59999847412109,41.20000076293945,30.73935508728028,15600,PONNIERODE,,,Ponni Sugars (Erode) Limited
2007-05-24,41.0,41.0,39.400001525878906,39.70000076293945,29.620201110839844,5800,PONNIERODE,,,Ponni Sugars (Erode) Limited
2007-05-25,36.0,40.29999923706055,36.0,39.900001525878906,29.769418716430664,4800,PONNIERODE,,,Ponni Sugars (Erode) Limited
2007-05-28,41.5,41.900001525878906,39.54999923706055,39.59999847412109,29.54559326171875,5100,PONNIERODE,,,Ponni Sugars (Erode) Limited
2007-05-29,40.0,40.400001525878906,38.29999923706055,40.0,29.844039916992188,5100,PONNIERODE,,,Ponni Sugars (Erode) Limited
2007-05-30,40.400001525878906,40.400001525878906,39.09999847412109,39.25,29.284461975097656,4400,PONNIERODE,,,Ponni Sugars (Erode) Limited
2007-05-31,40.0,40.70000076293945,39.5,40.400001525878906,30.14247703552246,3600,PONNIERODE,,,Ponni Sugars (Erode) Limited
2007-06-01,39.75,41.5,39.75,41.400001525878906,30.88857650756836,16767,PONNIERODE,,,Ponni Sugars (Erode) Limited
2007-06-04,40.5,41.29999923706055,40.5,41.04999923706055,30.62742805480957,7600,PONNIERODE,,,Ponni Sugars (Erode) Limited
2007-06-05,41.04999923706055,41.900001525878906,40.25,41.45000076293945,30.925880432128903,9000,PONNIERODE,,,Ponni Sugars (Erode) Limited
2007-06-06,42.5,42.5,41.0,41.25,30.77665901184082,11500,PONNIERODE,,,Ponni Sugars (Erode) Limited
2007-06-07,41.5,42.29999923706055,41.04999923706055,41.95000076293945,31.29892921447754,10200,PONNIERODE,,,Ponni Sugars (Erode) Limited
2007-06-08,42.5,45.25,41.29999923706055,44.29999923706055,33.052268981933594,125800,PONNIERODE,,,Ponni Sugars (Erode) Limited
2007-06-11,44.20000076293945,45.20000076293945,42.0,43.900001525878906,32.75382232666016,24900,PONNIERODE,,,Ponni Sugars (Erode) Limited
2007-06-12,43.29999923706055,44.84999847412109,43.20000076293945,44.150001525878906,32.94035720825195,18300,PONNIERODE,,,Ponni Sugars (Erode) Limited
2007-06-13,43.29999923706055,44.59999847412109,43.25,44.04999923706055,32.8657341003418,7900,PONNIERODE,,,Ponni Sugars (Erode) Limited
2007-06-14,43.29999923706055,44.04999923706055,43.25,43.650001525878906,32.56729507446289,15900,PONNIERODE,,,Ponni Sugars (Erode) Limited
2007-06-15,43.5,44.5,42.54999923706055,43.59999847412109,32.52998733520508,36000,PONNIERODE,,,Ponni Sugars (Erode) Limited
2007-06-18,43.04999923706055,44.95000076293945,40.09999847412109,44.54999923706055,33.238800048828125,16900,PONNIERODE,,,Ponni Sugars (Erode) Limited
2007-06-19,45.5,45.5,43.25,44.0,32.82844161987305,9400,PONNIERODE,,,Ponni Sugars (Erode) Limited
2007-06-20,44.5,45.45000076293945,43.5,44.75,33.38800811767578,13900,PONNIERODE,,,Ponni Sugars (Erode) Limited
2007-06-21,44.0,45.900001525878906,44.0,45.150001525878906,33.68645095825195,9700,PONNIERODE,,,Ponni Sugars (Erode) Limited
2007-06-22,45.04999923706055,47.900001525878906,44.5,47.20000076293945,35.21596145629883,21100,PONNIERODE,,,Ponni Sugars (Erode) Limited
2007-06-25,47.04999923706055,49.900001525878906,46.0,48.650001525878906,36.29780578613281,23700,PONNIERODE,,,Ponni Sugars (Erode) Limited
2007-06-26,47.5,48.20000076293945,47.5,47.70000076293945,35.58900833129883,8000,PONNIERODE,,,Ponni Sugars (Erode) Limited
2007-06-27,47.09999847412109,48.09999847412109,47.0,47.650001525878906,35.551700592041016,8500,PONNIERODE,,,Ponni Sugars (Erode) Limited
2007-06-28,48.900001525878906,48.900001525878906,47.0,47.09999847412109,35.14134979248047,6000,PONNIERODE,,,Ponni Sugars (Erode) Limited
2007-06-29,48.0,52.5,47.0,49.95000076293945,37.26774215698242,84000,PONNIERODE,,,Ponni Sugars (Erode) Limited
2007-07-02,51.5,52.0,46.09999847412109,46.5,34.69368362426758,36800,PONNIERODE,,,Ponni Sugars (Erode) Limited
2007-07-03,47.5,47.5,44.20000076293945,44.34999847412109,33.089569091796875,9100,PONNIERODE,,,Ponni Sugars (Erode) Limited
2007-07-04,44.95000076293945,46.79999923706055,43.04999923706055,44.70000076293945,33.350704193115234,18400,PONNIERODE,,,Ponni Sugars (Erode) Limited
2007-07-05,44.0,45.0,43.59999847412109,44.29999923706055,33.052268981933594,3800,PONNIERODE,,,Ponni Sugars (Erode) Limited
2007-07-06,44.0,46.650001525878906,44.0,44.54999923706055,33.238800048828125,3400,PONNIERODE,,,Ponni Sugars (Erode) Limited
2007-07-09,42.54999923706055,44.79999923706055,42.54999923706055,43.70000076293945,32.604610443115234,4500,PONNIERODE,,,Ponni Sugars (Erode) Limited
2007-07-10,43.09999847412109,45.25,42.59999847412109,44.0,32.82844161987305,7500,PONNIERODE,,,Ponni Sugars (Erode) Limited
2007-07-11,44.0,44.79999923706055,43.34999847412109,43.84999847412109,33.399696350097656,3300,PONNIERODE,,,Ponni Sugars (Erode) Limited
2007-07-12,47.34999847412109,47.34999847412109,44.0,44.0,33.51395034790039,4400,PONNIERODE,,,Ponni Sugars (Erode) Limited
2007-07-13,42.04999923706055,43.900001525878906,42.04999923706055,42.79999923706055,32.59992980957031,13800,PONNIERODE,,,Ponni Sugars (Erode) Limited
2007-07-16,43.5,43.5,42.29999923706055,42.34999847412109,32.25717544555664,1600,PONNIERODE,,,Ponni Sugars (Erode) Limited
2007-07-17,43.900001525878906,43.900001525878906,42.5,42.54999923706055,32.409515380859375,3600,PONNIERODE,,,Ponni Sugars (Erode) Limited
2007-07-18,40.09999847412109,44.0,40.09999847412109,42.150001525878906,32.10484313964844,8900,PONNIERODE,,,Ponni Sugars (Erode) Limited
2007-07-19,42.0,42.09999847412109,40.54999923706055,40.650001525878906,30.96231842041016,14000,PONNIERODE,,,Ponni Sugars (Erode) Limited
2007-07-20,41.0,41.5,40.20000076293945,40.54999923706055,30.88614845275879,20000,PONNIERODE,,,Ponni Sugars (Erode) Limited
2007-07-23,40.29999923706055,40.79999923706055,40.0,40.09999847412109,30.54339027404785,5500,PONNIERODE,,,Ponni Sugars (Erode) Limited
2007-07-24,40.0,40.5,39.70000076293945,40.0,30.46723365783692,7200,PONNIERODE,,,Ponni Sugars (Erode) Limited
2007-07-25,38.54999923706055,38.70000076293945,35.150001525878906,38.25,29.1342887878418,5704,PONNIERODE,,,Ponni Sugars (Erode) Limited
2007-07-26,37.09999847412109,42.45000076293945,37.09999847412109,39.45000076293945,30.04829788208008,4000,PONNIERODE,,,Ponni Sugars (Erode) Limited
2007-07-27,40.0,41.25,39.5,39.900001525878906,30.391054153442383,14600,PONNIERODE,,,Ponni Sugars (Erode) Limited
2007-07-30,38.09999847412109,40.59999847412109,37.54999923706055,38.70000076293945,29.47704124450684,2200,PONNIERODE,,,Ponni Sugars (Erode) Limited
2007-07-31,38.5,40.45000076293945,38.5,39.25,29.89596939086914,3000,PONNIERODE,,,Ponni Sugars (Erode) Limited
2007-08-01,33.20000076293945,39.0,33.20000076293945,39.0,29.705547332763672,21897,PONNIERODE,,,Ponni Sugars (Erode) Limited
2007-08-02,38.0,38.20000076293945,37.5,37.79999923706055,28.791528701782227,8800,PONNIERODE,,,Ponni Sugars (Erode) Limited
2007-08-03,38.900001525878906,39.0,37.79999923706055,39.0,29.705547332763672,8808,PONNIERODE,,,Ponni Sugars (Erode) Limited
2007-08-06,38.5,39.09999847412109,38.5,38.59999847412109,29.400876998901367,9700,PONNIERODE,,,Ponni Sugars (Erode) Limited
2007-08-07,38.5,38.5,38.5,38.5,29.32470321655273,3200,PONNIERODE,,,Ponni Sugars (Erode) Limited
2007-08-08,38.0,40.150001525878906,38.0,39.900001525878906,30.391054153442383,5200,PONNIERODE,,,Ponni Sugars (Erode) Limited
2007-08-09,39.0,39.04999923706055,38.0,38.04999923706055,28.98194694519043,700,PONNIERODE,,,Ponni Sugars (Erode) Limited
2007-08-10,37.79999923706055,38.09999847412109,36.5,36.59999847412109,27.877513885498047,1400,PONNIERODE,,,Ponni Sugars (Erode) Limited
2007-08-13,37.5,37.5,36.45000076293945,36.5,27.80134391784668,461,PONNIERODE,,,Ponni Sugars (Erode) Limited
2007-08-14,42.79999923706055,42.79999923706055,36.5,37.25,28.37260627746582,2320,PONNIERODE,,,Ponni Sugars (Erode) Limited
2007-08-16,38.45000076293945,38.45000076293945,36.5,36.95000076293945,28.14410400390625,1456,PONNIERODE,,,Ponni Sugars (Erode) Limited
2007-08-17,37.0,37.0,33.0,35.5,27.039661407470703,5649,PONNIERODE,,,Ponni Sugars (Erode) Limited
2007-08-20,38.70000076293945,38.70000076293945,34.25,36.0,27.42049789428711,3400,PONNIERODE,,,Ponni Sugars (Erode) Limited
2007-08-21,35.5,35.5,34.349998474121094,35.0,26.6588191986084,1300,PONNIERODE,,,Ponni Sugars (Erode) Limited
2007-08-22,32.0,34.95000076293945,32.0,34.95000076293945,26.620737075805664,1300,PONNIERODE,,,Ponni Sugars (Erode) Limited
2007-08-23,34.0,35.95000076293945,34.0,34.25,26.08756256103516,2300,PONNIERODE,,,Ponni Sugars (Erode) Limited
2007-08-24,36.0,36.75,34.0,34.5,26.27798080444336,1000,PONNIERODE,,,Ponni Sugars (Erode) Limited
2007-08-27,33.54999923706055,35.0,33.54999923706055,34.54999923706055,26.316062927246094,1926,PONNIERODE,,,Ponni Sugars (Erode) Limited
2007-08-28,34.04999923706055,36.0,34.04999923706055,35.150001525878906,26.77307510375977,3405,PONNIERODE,,,Ponni Sugars (Erode) Limited
2007-08-29,39.34999847412109,39.34999847412109,36.79999923706055,37.79999923706055,28.791528701782227,3059,PONNIERODE,,,Ponni Sugars (Erode) Limited
2007-08-30,39.0,40.900001525878906,37.54999923706055,38.0,28.9438591003418,19100,PONNIERODE,,,Ponni Sugars (Erode) Limited
2007-08-31,38.75,38.79999923706055,36.29999923706055,37.04999923706055,28.22026824951172,4139,PONNIERODE,,,Ponni Sugars (Erode) Limited
2007-09-03,36.650001525878906,38.20000076293945,36.650001525878906,37.70000076293945,28.71535873413086,750,PONNIERODE,,,Ponni Sugars (Erode) Limited
2007-09-04,34.0,38.75,34.0,36.79999923706055,28.029844284057617,1687,PONNIERODE,,,Ponni Sugars (Erode) Limited
2007-09-05,38.0,40.0,35.599998474121094,36.70000076293945,27.953676223754883,2265,PONNIERODE,,,Ponni Sugars (Erode) Limited
2007-09-06,35.650001525878906,38.70000076293945,35.650001525878906,37.34999847412109,28.44877243041992,2000,PONNIERODE,,,Ponni Sugars (Erode) Limited
2007-09-07,39.84999847412109,39.84999847412109,37.150001525878906,37.20000076293945,28.334516525268555,1257,PONNIERODE,,,Ponni Sugars (Erode) Limited
2007-09-10,38.45000076293945,38.45000076293945,36.5,36.70000076293945,27.953676223754883,870,PONNIERODE,,,Ponni Sugars (Erode) Limited
2007-09-11,36.29999923706055,37.900001525878906,35.900001525878906,36.09999847412109,27.49666976928711,1500,PONNIERODE,,,Ponni Sugars (Erode) Limited
2007-09-12,36.20000076293945,38.20000076293945,36.20000076293945,37.84999847412109,28.82961082458496,2835,PONNIERODE,,,Ponni Sugars (Erode) Limited
2007-09-13,36.54999923706055,38.04999923706055,36.54999923706055,37.0,28.182178497314453,353,PONNIERODE,,,Ponni Sugars (Erode) Limited
2007-09-14,36.59999847412109,36.59999847412109,35.04999923706055,35.349998474121094,26.925405502319336,2300,PONNIERODE,,,Ponni Sugars (Erode) Limited
2007-09-17,35.0,36.25,34.79999923706055,35.75,27.23008728027344,5519,PONNIERODE,,,Ponni Sugars (Erode) Limited
2007-09-18,34.75,37.84999847412109,34.75,36.84999847412109,28.067930221557617,2235,PONNIERODE,,,Ponni Sugars (Erode) Limited
2007-09-19,35.349998474121094,44.25,35.0,44.25,33.70436477661133,260700,PONNIERODE,,,Ponni Sugars (Erode) Limited
2007-09-20,45.0,46.20000076293945,40.09999847412109,40.900001525878906,31.15273666381836,160592,PONNIERODE,,,Ponni Sugars (Erode) Limited
2007-09-21,40.84999847412109,42.650001525878906,39.0,39.09999847412109,29.78171157836914,30900,PONNIERODE,,,Ponni Sugars (Erode) Limited
2007-09-24,40.0,40.0,37.54999923706055,38.0,28.9438591003418,16500,PONNIERODE,,,Ponni Sugars (Erode) Limited
2007-09-25,37.5,39.5,36.75,37.95000076293945,28.905786514282227,18232,PONNIERODE,,,Ponni Sugars (Erode) Limited
2007-09-26,39.400001525878906,40.70000076293945,37.59999847412109,38.0,28.9438591003418,20088,PONNIERODE,,,Ponni Sugars (Erode) Limited
2007-09-27,38.150001525878906,39.59999847412109,37.0,37.25,28.37260627746582,10013,PONNIERODE,,,Ponni Sugars (Erode) Limited
2007-09-28,36.59999847412109,38.650001525878906,36.150001525878906,36.70000076293945,27.953676223754883,14901,PONNIERODE,,,Ponni Sugars (Erode) Limited
2007-10-01,38.45000076293945,39.0,35.0,36.75,27.99176597595215,24126,PONNIERODE,,,Ponni Sugars (Erode) Limited
2007-10-03,36.59999847412109,38.0,35.650001525878906,37.25,28.37260627746582,13551,PONNIERODE,,,Ponni Sugars (Erode) Limited
2007-10-04,37.0,38.0,35.099998474121094,35.599998474121094,27.11583137512207,8080,PONNIERODE,,,Ponni Sugars (Erode) Limited
2007-10-05,37.900001525878906,37.900001525878906,35.29999923706055,35.70000076293945,27.19199562072754,6394,PONNIERODE,,,Ponni Sugars (Erode) Limited
2007-10-08,36.0,36.0,33.04999923706055,33.400001525878906,25.44013404846192,9686,PONNIERODE,,,Ponni Sugars (Erode) Limited
2007-10-09,33.75,34.349998474121094,33.04999923706055,33.95000076293945,25.85905265808105,4101,PONNIERODE,,,Ponni Sugars (Erode) Limited
2007-10-10,39.0,40.25,35.79999923706055,35.95000076293945,27.382423400878903,44344,PONNIERODE,,,Ponni Sugars (Erode) Limited
2007-10-11,37.59999847412109,37.650001525878906,34.599998474121094,35.29999923706055,26.887327194213867,4176,PONNIERODE,,,Ponni Sugars (Erode) Limited
2007-10-12,34.25,35.70000076293945,33.75,34.04999923706055,25.93522453308105,8892,PONNIERODE,,,Ponni Sugars (Erode) Limited
2007-10-15,35.25,35.75,34.0,34.150001525878906,26.01139259338379,6257,PONNIERODE,,,Ponni Sugars (Erode) Limited
2007-10-16,34.0,35.45000076293945,33.599998474121094,34.29999923706055,26.125646591186523,6421,PONNIERODE,,,Ponni Sugars (Erode) Limited
2007-10-17,33.599998474121094,34.25,31.75,33.29999923706055,25.36396026611328,5813,PONNIERODE,,,Ponni Sugars (Erode) Limited
2007-10-18,34.400001525878906,35.400001525878906,33.099998474121094,33.650001525878906,25.63055419921875,13260,PONNIERODE,,,Ponni Sugars (Erode) Limited
2007-10-19,34.5,34.5,32.099998474121094,32.29999923706055,24.60228729248047,5439,PONNIERODE,,,Ponni Sugars (Erode) Limited
2007-10-22,32.29999923706055,33.900001525878906,32.04999923706055,32.29999923706055,24.60228729248047,2943,PONNIERODE,,,Ponni Sugars (Erode) Limited
2007-10-23,32.5,34.5,32.5,33.20000076293945,25.28779602050781,3016,PONNIERODE,,,Ponni Sugars (Erode) Limited
2007-10-24,33.0,34.0,33.0,33.45000076293945,25.47821617126465,2207,PONNIERODE,,,Ponni Sugars (Erode) Limited
2007-10-25,33.0,34.0,32.79999923706055,33.0,25.135461807250977,3855,PONNIERODE,,,Ponni Sugars (Erode) Limited
2007-10-26,33.5,34.5,32.95000076293945,33.0,25.135461807250977,5800,PONNIERODE,,,Ponni Sugars (Erode) Limited
2007-10-29,31.600000381469727,34.400001525878906,31.5,33.29999923706055,25.36396026611328,9546,PONNIERODE,,,Ponni Sugars (Erode) Limited
2007-10-30,32.25,34.400001525878906,32.0,32.54999923706055,24.792705535888672,4669,PONNIERODE,,,Ponni Sugars (Erode) Limited
2007-10-31,33.400001525878906,33.599998474121094,32.150001525878906,33.20000076293945,25.28779602050781,2583,PONNIERODE,,,Ponni Sugars (Erode) Limited
2007-11-01,32.0,33.79999923706055,31.0,31.200000762939453,23.76443862915039,10352,PONNIERODE,,,Ponni Sugars (Erode) Limited
2007-11-02,33.5,37.45000076293945,33.0,34.849998474121094,26.544567108154297,61920,PONNIERODE,,,Ponni Sugars (Erode) Limited
2007-11-05,35.900001525878906,35.900001525878906,33.0,33.900001525878906,25.82097244262696,10624,PONNIERODE,,,Ponni Sugars (Erode) Limited
2007-11-06,33.599998474121094,34.5,32.79999923706055,34.0,25.897140502929688,8300,PONNIERODE,,,Ponni Sugars (Erode) Limited
2007-11-07,33.099998474121094,34.900001525878906,32.099998474121094,34.45000076293945,26.23989486694336,24873,PONNIERODE,,,Ponni Sugars (Erode) Limited
2007-11-08,34.099998474121094,34.75,33.5,34.04999923706055,25.93522453308105,11300,PONNIERODE,,,Ponni Sugars (Erode) Limited
2007-11-12,30.5,34.70000076293945,30.350000381469727,33.650001525878906,25.63055419921875,2900,PONNIERODE,,,Ponni Sugars (Erode) Limited
2007-11-13,35.45000076293945,35.45000076293945,33.400001525878906,34.099998474121094,25.973308563232425,4110,PONNIERODE,,,Ponni Sugars (Erode) Limited
2007-11-14,35.45000076293945,36.95000076293945,33.5,33.849998474121094,25.78288650512696,7578,PONNIERODE,,,Ponni Sugars (Erode) Limited
2007-11-15,35.45000076293945,39.900001525878906,28.100000381469727,35.650001525878906,27.15391540527344,17728,PONNIERODE,,,Ponni Sugars (Erode) Limited
2007-11-16,34.25,36.70000076293945,34.25,35.099998474121094,26.734987258911133,11700,PONNIERODE,,,Ponni Sugars (Erode) Limited
2007-11-19,36.900001525878906,37.0,34.25,36.0,27.42049789428711,12200,PONNIERODE,,,Ponni Sugars (Erode) Limited
2007-11-20,38.0,39.34999847412109,36.0,37.400001525878906,28.48685073852539,15556,PONNIERODE,,,Ponni Sugars (Erode) Limited
2007-11-21,39.0,39.0,34.650001525878906,34.650001525878906,26.392236709594727,7300,PONNIERODE,,,Ponni Sugars (Erode) Limited
2007-11-22,34.0,36.0,34.0,34.599998474121094,26.35414695739746,3500,PONNIERODE,,,Ponni Sugars (Erode) Limited
2007-11-23,36.5,36.5,34.75,35.45000076293945,27.0015811920166,1800,PONNIERODE,,,Ponni Sugars (Erode) Limited
2007-11-26,31.600000381469727,37.400001525878906,31.600000381469727,35.25,26.849245071411133,5062,PONNIERODE,,,Ponni Sugars (Erode) Limited
2007-11-27,35.04999923706055,37.34999847412109,34.650001525878906,35.79999923706055,27.26816368103028,8400,PONNIERODE,,,Ponni Sugars (Erode) Limited
2007-11-28,34.150001525878906,36.0,34.150001525878906,35.0,26.6588191986084,2000,PONNIERODE,,,Ponni Sugars (Erode) Limited
2007-11-29,35.0,37.0,35.0,35.5,27.039661407470703,5600,PONNIERODE,,,Ponni Sugars (Erode) Limited
2007-11-30,34.5,36.0,34.5,35.599998474121094,27.11583137512207,5300,PONNIERODE,,,Ponni Sugars (Erode) Limited
2007-12-03,38.70000076293945,39.5,33.0,36.04999923706055,27.458585739135746,10695,PONNIERODE,,,Ponni Sugars (Erode) Limited
2007-12-04,34.5,36.650001525878906,34.5,35.45000076293945,27.0015811920166,6136,PONNIERODE,,,Ponni Sugars (Erode) Limited
2007-12-05,35.29999923706055,38.25,35.099998474121094,37.09999847412109,28.25835227966309,6624,PONNIERODE,,,Ponni Sugars (Erode) Limited
2007-12-06,38.45000076293945,38.45000076293945,36.0,36.900001525878906,28.10601806640625,3900,PONNIERODE,,,Ponni Sugars (Erode) Limited
2007-12-07,36.59999847412109,41.400001525878906,36.5,40.20000076293945,30.619558334350582,55154,PONNIERODE,,,Ponni Sugars (Erode) Limited
2007-12-10,37.0,45.0,37.0,44.20000076293945,33.66627883911133,106677,PONNIERODE,,,Ponni Sugars (Erode) Limited
2007-12-11,47.95000076293945,49.0,42.5,43.04999923706055,32.790340423583984,58662,PONNIERODE,,,Ponni Sugars (Erode) Limited
2007-12-12,43.04999923706055,45.25,41.09999847412109,43.75,33.32353210449219,63823,PONNIERODE,,,Ponni Sugars (Erode) Limited
2007-12-13,42.59999847412109,44.900001525878906,42.20000076293945,43.0,32.75226974487305,27000,PONNIERODE,,,Ponni Sugars (Erode) Limited
2007-12-14,43.5,48.79999923706055,43.5,47.0,35.79899215698242,104247,PONNIERODE,,,Ponni Sugars (Erode) Limited
2007-12-17,47.900001525878906,52.0,46.0,48.09999847412109,36.636837005615234,110200,PONNIERODE,,,Ponni Sugars (Erode) Limited
2007-12-18,48.09999847412109,49.400001525878906,46.0,47.75,36.37025451660156,26700,PONNIERODE,,,Ponni Sugars (Erode) Limited
2007-12-19,48.75,57.29999923706055,41.25,57.25,43.60621643066406,475856,PONNIERODE,,,Ponni Sugars (Erode) Limited
2007-12-20,59.79999923706055,61.95000076293945,55.34999847412109,56.20000076293945,42.80646133422852,206786,PONNIERODE,,,Ponni Sugars (Erode) Limited
2007-12-24,59.0,59.95000076293945,55.650001525878906,56.04999923706055,42.69220733642578,41323,PONNIERODE,,,Ponni Sugars (Erode) Limited
2007-12-26,55.0,58.0,55.0,56.900001525878906,43.33962631225586,49256,PONNIERODE,,,Ponni Sugars (Erode) Limited
2007-12-27,57.25,60.0,55.5,56.20000076293945,42.80646133422852,60695,PONNIERODE,,,Ponni Sugars (Erode) Limited
2007-12-28,56.0,57.5,55.650001525878906,56.70000076293945,43.18729782104492,26074,PONNIERODE,,,Ponni Sugars (Erode) Limited
2007-12-31,56.0,57.5,55.5,56.0,42.65411376953125,17200,PONNIERODE,,,Ponni Sugars (Erode) Limited
2008-01-01,56.0,57.25,55.0,57.0,43.41579818725586,42188,PONNIERODE,,,Ponni Sugars (Erode) Limited
2008-01-02,56.5,56.5,56.0,56.5,43.034950256347656,10885,PONNIERODE,,,Ponni Sugars (Erode) Limited
2008-01-03,55.0,58.0,54.5,55.0,41.89244079589844,12658,PONNIERODE,,,Ponni Sugars (Erode) Limited
2008-01-04,53.59999847412109,56.0,53.59999847412109,55.0,41.89244079589844,14542,PONNIERODE,,,Ponni Sugars (Erode) Limited
2008-01-07,58.0,58.0,57.0,58.0,44.1774787902832,19479,PONNIERODE,,,Ponni Sugars (Erode) Limited
2008-01-08,57.0,60.5,56.09999847412109,56.70000076293945,43.18729782104492,13914,PONNIERODE,,,Ponni Sugars (Erode) Limited
2008-01-09,55.0,59.29999923706055,54.75,58.0,44.1774787902832,11418,PONNIERODE,,,Ponni Sugars (Erode) Limited
2008-01-10,56.5,58.0,55.79999923706055,56.0,42.65411376953125,9535,PONNIERODE,,,Ponni Sugars (Erode) Limited
2008-01-11,54.0,55.0,53.09999847412109,53.09999847412109,40.44524383544922,5013,PONNIERODE,,,Ponni Sugars (Erode) Limited
2008-01-14,53.0,55.0,52.5,55.0,41.89244079589844,960,PONNIERODE,,,Ponni Sugars (Erode) Limited
2008-01-15,52.29999923706055,54.95000076293945,52.20000076293945,52.20000076293945,39.75973129272461,1553,PONNIERODE,,,Ponni Sugars (Erode) Limited
2008-01-16,49.75,50.79999923706055,49.75,50.59999847412109,38.541046142578125,1815,PONNIERODE,,,Ponni Sugars (Erode) Limited
2008-01-17,50.59999847412109,53.150001525878906,50.04999923706055,53.0,40.36907577514648,6396,PONNIERODE,,,Ponni Sugars (Erode) Limited
2008-01-18,50.0,54.09999847412109,50.0,52.0,39.60739135742188,34986,PONNIERODE,,,Ponni Sugars (Erode) Limited
2008-01-21,53.5,53.5,49.84999847412109,49.84999847412109,37.96977615356445,23150,PONNIERODE,,,Ponni Sugars (Erode) Limited
2008-01-22,49.0,49.5,49.0,49.0,37.32235336303711,1017,PONNIERODE,,,Ponni Sugars (Erode) Limited
2008-01-23,48.0,48.0,47.0,47.25,35.989410400390625,300,PONNIERODE,,,Ponni Sugars (Erode) Limited
2008-01-24,46.79999923706055,46.79999923706055,45.0,45.0,34.2756233215332,450,PONNIERODE,,,Ponni Sugars (Erode) Limited
2008-01-25,43.04999923706055,45.0,42.95000076293945,45.0,34.2756233215332,17585,PONNIERODE,,,Ponni Sugars (Erode) Limited
2008-01-28,43.0,43.0,41.25,41.5,31.60974502563477,525,PONNIERODE,,,Ponni Sugars (Erode) Limited
2008-01-29,40.20000076293945,43.5,39.5,42.5,32.371429443359375,9231,PONNIERODE,,,Ponni Sugars (Erode) Limited
2008-01-30,42.0,42.0,40.400001525878906,40.45000076293945,30.809978485107425,2235,PONNIERODE,,,Ponni Sugars (Erode) Limited
2008-01-31,38.45000076293945,42.5,38.45000076293945,39.09999847412109,29.78171157836914,2573,PONNIERODE,,,Ponni Sugars (Erode) Limited
2008-02-01,41.0,41.0,38.0,38.04999923706055,28.98194694519043,1140,PONNIERODE,,,Ponni Sugars (Erode) Limited
2008-02-04,39.5,41.75,39.0,41.75,31.8001651763916,895,PONNIERODE,,,Ponni Sugars (Erode) Limited
2008-02-05,40.0,42.0,39.84999847412109,42.0,31.990589141845703,2355,PONNIERODE,,,Ponni Sugars (Erode) Limited
2008-02-06,40.29999923706055,40.29999923706055,40.29999923706055,40.29999923706055,30.695730209350582,140,PONNIERODE,,,Ponni Sugars (Erode) Limited
2008-02-07,41.0,42.34999847412109,40.0,40.0,30.46723365783692,6657,PONNIERODE,,,Ponni Sugars (Erode) Limited
2008-02-08,42.25,42.25,39.09999847412109,39.09999847412109,29.78171157836914,25,PONNIERODE,,,Ponni Sugars (Erode) Limited
2008-02-11,37.150001525878906,39.79999923706055,37.150001525878906,37.25,28.37260627746582,1925,PONNIERODE,,,Ponni Sugars (Erode) Limited
2008-02-12,37.25,37.25,35.5,37.0,28.182178497314453,1727,PONNIERODE,,,Ponni Sugars (Erode) Limited
2008-02-13,37.0,37.0,35.150001525878906,36.0,27.42049789428711,640,PONNIERODE,,,Ponni Sugars (Erode) Limited
2008-02-14,36.0,37.79999923706055,35.5,37.25,28.37260627746582,1286,PONNIERODE,,,Ponni Sugars (Erode) Limited
2008-02-15,37.70000076293945,39.650001525878906,37.70000076293945,38.70000076293945,29.47704124450684,1623,PONNIERODE,,,Ponni Sugars (Erode) Limited
2008-02-18,39.25,40.650001525878906,39.0,40.650001525878906,30.96231842041016,3875,PONNIERODE,,,Ponni Sugars (Erode) Limited
2008-02-19,41.5,42.70000076293945,41.0,42.70000076293945,32.52376937866211,1893,PONNIERODE,,,Ponni Sugars (Erode) Limited
2008-02-20,42.25,42.5,41.0,42.0,31.990589141845703,4357,PONNIERODE,,,Ponni Sugars (Erode) Limited
2008-02-21,41.5,44.0,41.5,43.5,33.133113861083984,6555,PONNIERODE,,,Ponni Sugars (Erode) Limited
2008-02-22,43.5,45.0,43.0,44.5,33.89479064941406,5977,PONNIERODE,,,Ponni Sugars (Erode) Limited
2008-02-25,42.29999923706055,43.900001525878906,42.25,42.25,32.180999755859375,5235,PONNIERODE,,,Ponni Sugars (Erode) Limited
2008-02-26,42.0,43.0,42.0,42.04999923706055,32.028663635253906,2331,PONNIERODE,,,Ponni Sugars (Erode) Limited
2008-02-27,41.650001525878906,44.0,41.650001525878906,44.0,33.51395034790039,3321,PONNIERODE,,,Ponni Sugars (Erode) Limited
2008-02-28,42.20000076293945,43.650001525878906,42.04999923706055,43.650001525878906,33.24735641479492,1058,PONNIERODE,,,Ponni Sugars (Erode) Limited
2008-02-29,42.04999923706055,45.84999847412109,42.04999923706055,45.70000076293945,34.80881118774414,15935,PONNIERODE,,,Ponni Sugars (Erode) Limited
2008-03-03,44.0,44.0,43.45000076293945,43.5,33.133113861083984,5835,PONNIERODE,,,Ponni Sugars (Erode) Limited
2008-03-04,43.95000076293945,44.0,41.45000076293945,41.45000076293945,31.571657180786133,1821,PONNIERODE,,,Ponni Sugars (Erode) Limited
2008-03-05,40.54999923706055,42.75,40.0,40.20000076293945,30.619558334350582,7462,PONNIERODE,,,Ponni Sugars (Erode) Limited
2008-03-07,38.25,39.5,38.25,38.25,29.1342887878418,2845,PONNIERODE,,,Ponni Sugars (Erode) Limited
2008-03-10,37.0,39.0,37.0,38.09999847412109,29.020034790039062,883,PONNIERODE,,,Ponni Sugars (Erode) Limited
2008-03-11,38.0,41.0,38.0,40.09999847412109,30.54339027404785,4056,PONNIERODE,,,Ponni Sugars (Erode) Limited
2008-03-12,40.09999847412109,41.20000076293945,39.5,39.5,30.08638572692871,2602,PONNIERODE,,,Ponni Sugars (Erode) Limited
2008-03-13,41.5,41.5,38.5,39.79999923706055,30.31489372253418,12541,PONNIERODE,,,Ponni Sugars (Erode) Limited
2008-03-14,38.09999847412109,41.0,37.5,38.0,28.9438591003418,7240,PONNIERODE,,,Ponni Sugars (Erode) Limited
2008-03-17,35.75,40.0,35.5,35.5,27.039661407470703,1468,PONNIERODE,,,Ponni Sugars (Erode) Limited
2008-03-18,32.45000076293945,36.0,32.45000076293945,35.150001525878906,26.77307510375977,1010,PONNIERODE,,,Ponni Sugars (Erode) Limited
2008-03-19,38.25,38.25,33.650001525878906,35.25,26.849245071411133,1771,PONNIERODE,,,Ponni Sugars (Erode) Limited
2008-03-24,33.099998474121094,33.900001525878906,32.0,32.54999923706055,24.792705535888672,2938,PONNIERODE,,,Ponni Sugars (Erode) Limited
2008-03-25,33.400001525878906,34.900001525878906,33.0,33.650001525878906,25.63055419921875,2664,PONNIERODE,,,Ponni Sugars (Erode) Limited
2008-03-26,36.0,36.0,33.400001525878906,33.400001525878906,25.44013404846192,1443,PONNIERODE,,,Ponni Sugars (Erode) Limited
2008-03-27,34.0,35.0,34.0,34.5,26.27798080444336,1925,PONNIERODE,,,Ponni Sugars (Erode) Limited
2008-03-28,33.54999923706055,36.84999847412109,33.54999923706055,35.599998474121094,27.11583137512207,4521,PONNIERODE,,,Ponni Sugars (Erode) Limited
2008-03-31,35.0,38.75,35.0,37.95000076293945,28.905786514282227,10464,PONNIERODE,,,Ponni Sugars (Erode) Limited
2008-04-01,36.54999923706055,38.0,36.54999923706055,36.900001525878906,28.10601806640625,1153,PONNIERODE,,,Ponni Sugars (Erode) Limited
2008-04-02,37.0,37.95000076293945,36.0,37.95000076293945,28.905786514282227,339,PONNIERODE,,,Ponni Sugars (Erode) Limited
2008-04-03,36.5,40.5,35.04999923706055,37.70000076293945,28.71535873413086,3089,PONNIERODE,,,Ponni Sugars (Erode) Limited
2008-04-04,37.0,38.900001525878906,37.0,38.900001525878906,29.629377365112305,155,PONNIERODE,,,Ponni Sugars (Erode) Limited
2008-04-07,36.25,39.45000076293945,36.09999847412109,36.150001525878906,27.53475570678711,289,PONNIERODE,,,Ponni Sugars (Erode) Limited
2008-04-08,36.25,36.84999847412109,35.04999923706055,35.25,26.849245071411133,7803,PONNIERODE,,,Ponni Sugars (Erode) Limited
2008-04-09,35.25,37.0,34.79999923706055,36.5,27.80134391784668,1842,PONNIERODE,,,Ponni Sugars (Erode) Limited
2008-04-10,36.95000076293945,39.79999923706055,35.5,39.5,30.08638572692871,4637,PONNIERODE,,,Ponni Sugars (Erode) Limited
2008-04-11,36.400001525878906,38.95000076293945,36.400001525878906,37.400001525878906,28.48685073852539,2277,PONNIERODE,,,Ponni Sugars (Erode) Limited
2008-04-15,39.70000076293945,39.70000076293945,36.5,36.79999923706055,28.029844284057617,1340,PONNIERODE,,,Ponni Sugars (Erode) Limited
2008-04-16,35.75,36.79999923706055,35.75,36.25,27.610923767089844,635,PONNIERODE,,,Ponni Sugars (Erode) Limited
2008-04-17,37.84999847412109,37.84999847412109,36.5,36.900001525878906,28.10601806640625,1270,PONNIERODE,,,Ponni Sugars (Erode) Limited
2008-04-21,35.20000076293945,38.5,34.0,37.45000076293945,28.524948120117188,22267,PONNIERODE,,,Ponni Sugars (Erode) Limited
2008-04-22,39.0,39.5,36.75,38.70000076293945,29.47704124450684,2262,PONNIERODE,,,Ponni Sugars (Erode) Limited
2008-04-23,36.5,42.5,36.5,42.34999847412109,32.25717544555664,12676,PONNIERODE,,,Ponni Sugars (Erode) Limited
2008-04-24,46.0,46.5,40.0,41.34999847412109,31.49549674987793,8690,PONNIERODE,,,Ponni Sugars (Erode) Limited
2008-04-25,42.0,42.0,39.0,40.54999923706055,30.88614845275879,2186,PONNIERODE,,,Ponni Sugars (Erode) Limited
2008-04-28,41.0,42.20000076293945,37.29999923706055,41.900001525878906,31.914417266845703,3107,PONNIERODE,,,Ponni Sugars (Erode) Limited
2008-04-29,44.95000076293945,44.95000076293945,39.0,39.54999923706055,30.12446594238281,8864,PONNIERODE,,,Ponni Sugars (Erode) Limited
2008-04-30,41.0,41.95000076293945,40.0,40.09999847412109,30.54339027404785,9816,PONNIERODE,,,Ponni Sugars (Erode) Limited
2008-05-02,41.20000076293945,41.20000076293945,40.29999923706055,40.29999923706055,30.695730209350582,2441,PONNIERODE,,,Ponni Sugars (Erode) Limited
2008-05-05,38.59999847412109,41.0,38.25,39.650001525878906,30.200645446777344,1946,PONNIERODE,,,Ponni Sugars (Erode) Limited
2008-05-06,39.5,39.5,38.25,38.59999847412109,29.400876998901367,198,PONNIERODE,,,Ponni Sugars (Erode) Limited
2008-05-07,38.75,39.95000076293945,38.75,39.0,29.705547332763672,17,PONNIERODE,,,Ponni Sugars (Erode) Limited
2008-05-08,40.0,42.0,38.400001525878906,38.79999923706055,29.55321311950684,2086,PONNIERODE,,,Ponni Sugars (Erode) Limited
2008-05-09,38.84999847412109,40.0,38.29999923706055,38.5,29.32470321655273,1159,PONNIERODE,,,Ponni Sugars (Erode) Limited
2008-05-12,35.099998474121094,40.45000076293945,35.099998474121094,38.900001525878906,29.629377365112305,1237,PONNIERODE,,,Ponni Sugars (Erode) Limited
2008-05-13,37.70000076293945,39.0,37.70000076293945,38.0,28.9438591003418,1206,PONNIERODE,,,Ponni Sugars (Erode) Limited
2008-05-14,37.29999923706055,39.84999847412109,37.04999923706055,37.900001525878906,28.867694854736328,2155,PONNIERODE,,,Ponni Sugars (Erode) Limited
2008-05-15,37.34999847412109,41.0,37.34999847412109,40.34999847412109,30.73380851745605,4945,PONNIERODE,,,Ponni Sugars (Erode) Limited
2008-05-16,39.54999923706055,40.0,38.400001525878906,40.0,30.46723365783692,590,PONNIERODE,,,Ponni Sugars (Erode) Limited
2008-05-20,45.45000076293945,45.45000076293945,37.09999847412109,40.79999923706055,31.07657051086425,1342,PONNIERODE,,,Ponni Sugars (Erode) Limited
2008-05-21,38.45000076293945,39.900001525878906,38.0,39.5,30.08638572692871,1596,PONNIERODE,,,Ponni Sugars (Erode) Limited
2008-05-22,38.25,39.20000076293945,37.95000076293945,38.25,29.1342887878418,1617,PONNIERODE,,,Ponni Sugars (Erode) Limited
2008-05-23,39.150001525878906,39.150001525878906,38.04999923706055,38.20000076293945,29.096195220947266,436,PONNIERODE,,,Ponni Sugars (Erode) Limited
2008-05-26,43.70000076293945,43.70000076293945,37.04999923706055,37.5,28.56302070617676,1512,PONNIERODE,,,Ponni Sugars (Erode) Limited
2008-05-27,35.849998474121094,38.0,35.849998474121094,36.650001525878906,27.91559791564941,2446,PONNIERODE,,,Ponni Sugars (Erode) Limited
2008-05-28,36.5,38.400001525878906,36.5,37.400001525878906,28.48685073852539,1725,PONNIERODE,,,Ponni Sugars (Erode) Limited
2008-05-29,37.0,37.79999923706055,36.0,37.25,28.37260627746582,1852,PONNIERODE,,,Ponni Sugars (Erode) Limited
2008-05-30,37.34999847412109,37.34999847412109,34.400001525878906,35.75,27.23008728027344,4751,PONNIERODE,,,Ponni Sugars (Erode) Limited
2008-06-02,35.75,37.25,35.75,35.75,27.23008728027344,130,PONNIERODE,,,Ponni Sugars (Erode) Limited
2008-06-03,32.04999923706055,36.400001525878906,31.64999961853028,33.79999923706055,25.744802474975582,2630,PONNIERODE,,,Ponni Sugars (Erode) Limited
2008-06-04,34.04999923706055,37.0,32.150001525878906,32.849998474121094,25.021211624145508,3305,PONNIERODE,,,Ponni Sugars (Erode) Limited
2008-06-05,33.0,34.599998474121094,32.650001525878906,33.650001525878906,25.63055419921875,3059,PONNIERODE,,,Ponni Sugars (Erode) Limited
2008-06-06,36.79999923706055,36.79999923706055,33.54999923706055,34.099998474121094,25.973308563232425,791,PONNIERODE,,,Ponni Sugars (Erode) Limited
2008-06-09,29.25,33.5,29.25,32.79999923706055,24.98311996459961,909,PONNIERODE,,,Ponni Sugars (Erode) Limited
2008-06-10,30.64999961853028,35.900001525878906,30.549999237060547,31.100000381469727,23.68826675415039,2056,PONNIERODE,,,Ponni Sugars (Erode) Limited
2008-06-11,30.64999961853028,34.20000076293945,30.64999961853028,32.599998474121094,24.830787658691406,468,PONNIERODE,,,Ponni Sugars (Erode) Limited
2008-06-12,34.45000076293945,34.95000076293945,31.600000381469727,33.599998474121094,25.59246635437012,436,PONNIERODE,,,Ponni Sugars (Erode) Limited
2008-06-13,32.599998474121094,35.650001525878906,32.599998474121094,34.70000076293945,26.430316925048828,714,PONNIERODE,,,Ponni Sugars (Erode) Limited
2008-06-16,33.95000076293945,36.20000076293945,33.95000076293945,34.29999923706055,26.125646591186523,1613,PONNIERODE,,,Ponni Sugars (Erode) Limited
2008-06-17,34.099998474121094,37.0,34.099998474121094,36.29999923706055,27.649003982543945,3206,PONNIERODE,,,Ponni Sugars (Erode) Limited
2008-06-18,36.25,37.650001525878906,35.150001525878906,36.25,27.610923767089844,1489,PONNIERODE,,,Ponni Sugars (Erode) Limited
2008-06-19,35.099998474121094,36.150001525878906,35.0,35.70000076293945,27.19199562072754,589,PONNIERODE,,,Ponni Sugars (Erode) Limited
2008-06-20,34.5,36.79999923706055,34.29999923706055,34.75,26.468402862548828,4417,PONNIERODE,,,Ponni Sugars (Erode) Limited
2008-06-23,32.099998474121094,34.45000076293945,32.0,32.79999923706055,24.98311996459961,7071,PONNIERODE,,,Ponni Sugars (Erode) Limited
2008-06-24,33.0,35.849998474121094,33.0,33.0,25.135461807250977,2582,PONNIERODE,,,Ponni Sugars (Erode) Limited
2008-06-25,34.75,34.75,31.5,32.5,24.754621505737305,2207,PONNIERODE,,,Ponni Sugars (Erode) Limited
2008-06-26,35.70000076293945,35.70000076293945,31.700000762939453,32.70000076293945,24.90695571899414,6341,PONNIERODE,,,Ponni Sugars (Erode) Limited
2008-06-27,31.049999237060547,33.79999923706055,31.049999237060547,32.099998474121094,24.449949264526367,1756,PONNIERODE,,,Ponni Sugars (Erode) Limited
2008-06-30,32.099998474121094,34.349998474121094,31.75,31.950000762939453,24.335693359375,2934,PONNIERODE,,,Ponni Sugars (Erode) Limited
2008-07-01,31.75,31.75,30.0,30.549999237060547,23.26934242248535,4049,PONNIERODE,,,Ponni Sugars (Erode) Limited
2008-07-02,28.39999961853028,33.0,27.25,32.400001525878906,24.67845344543457,6216,PONNIERODE,,,Ponni Sugars (Erode) Limited
2008-07-03,31.0,33.099998474121094,31.0,33.099998474121094,25.21162796020508,810,PONNIERODE,,,Ponni Sugars (Erode) Limited
2008-07-04,32.0,33.900001525878906,31.850000381469727,32.95000076293945,25.09737777709961,235,PONNIERODE,,,Ponni Sugars (Erode) Limited
2008-07-07,33.650001525878906,34.45000076293945,32.650001525878906,32.650001525878906,24.868873596191406,902,PONNIERODE,,,Ponni Sugars (Erode) Limited
2008-07-08,31.0,33.849998474121094,31.0,31.549999237060547,24.031021118164062,896,PONNIERODE,,,Ponni Sugars (Erode) Limited
2008-07-09,30.5,33.900001525878906,30.5,33.75,25.706722259521484,406,PONNIERODE,,,Ponni Sugars (Erode) Limited
2008-07-10,33.0,33.0,32.29999923706055,32.599998474121094,24.830787658691406,903,PONNIERODE,,,Ponni Sugars (Erode) Limited
2008-07-11,32.0,33.849998474121094,32.0,32.849998474121094,25.490358352661133,740,PONNIERODE,,,Ponni Sugars (Erode) Limited
2008-07-14,33.75,33.75,31.25,32.650001525878906,25.335166931152344,932,PONNIERODE,,,Ponni Sugars (Erode) Limited
2008-07-15,33.0,33.0,31.100000381469727,31.5,24.44280815124512,16892,PONNIERODE,,,Ponni Sugars (Erode) Limited
2008-07-16,31.89999961853028,32.20000076293945,31.0,31.0,24.05482292175293,2490,PONNIERODE,,,Ponni Sugars (Erode) Limited
2008-07-17,25.25,33.0,25.25,31.799999237060547,24.675596237182617,2108,PONNIERODE,,,Ponni Sugars (Erode) Limited
2008-07-18,31.64999961853028,32.0,31.64999961853028,32.0,24.830787658691406,386,PONNIERODE,,,Ponni Sugars (Erode) Limited
2008-07-21,32.5,32.79999923706055,31.25,31.600000381469727,24.520404815673828,414,PONNIERODE,,,Ponni Sugars (Erode) Limited
2008-07-22,30.600000381469727,33.29999923706055,30.600000381469727,33.25,25.80074119567871,915,PONNIERODE,,,Ponni Sugars (Erode) Limited
2008-07-23,30.14999961853028,34.0,30.14999961853028,33.5,25.994728088378903,6743,PONNIERODE,,,Ponni Sugars (Erode) Limited
2008-07-24,33.5,33.5,31.600000381469727,33.0,25.60675048828125,106,PONNIERODE,,,Ponni Sugars (Erode) Limited
2008-07-25,33.900001525878906,33.900001525878906,33.0,33.0,25.60675048828125,1023,PONNIERODE,,,Ponni Sugars (Erode) Limited
2008-07-28,33.0,33.79999923706055,32.79999923706055,32.79999923706055,25.451557159423828,1007,PONNIERODE,,,Ponni Sugars (Erode) Limited
2008-07-29,33.400001525878906,35.900001525878906,32.349998474121094,35.25,27.3526668548584,5642,PONNIERODE,,,Ponni Sugars (Erode) Limited
2008-07-30,35.5,36.0,34.099998474121094,35.0,27.158672332763672,1947,PONNIERODE,,,Ponni Sugars (Erode) Limited
2008-07-31,35.0,36.0,31.200000762939453,35.25,27.3526668548584,1700,PONNIERODE,,,Ponni Sugars (Erode) Limited
2008-08-01,35.5,40.400001525878906,34.20000076293945,39.25,30.456512451171875,25416,PONNIERODE,,,Ponni Sugars (Erode) Limited
2008-08-04,39.900001525878906,43.0,38.900001525878906,42.5,32.9783935546875,48074,PONNIERODE,,,Ponni Sugars (Erode) Limited
2008-08-05,42.25,44.900001525878906,42.0,43.5,33.75435256958008,21946,PONNIERODE,,,Ponni Sugars (Erode) Limited
2008-08-06,44.5,47.5,42.79999923706055,43.150001525878906,33.482765197753906,58886,PONNIERODE,,,Ponni Sugars (Erode) Limited
2008-08-07,43.0,46.0,42.09999847412109,42.75,33.17237854003906,21309,PONNIERODE,,,Ponni Sugars (Erode) Limited
2008-08-08,43.900001525878906,44.0,41.54999923706055,42.150001525878906,32.70680236816406,7903,PONNIERODE,,,Ponni Sugars (Erode) Limited
2008-08-11,42.0,43.75,41.0,41.79999923706055,32.43521881103516,9799,PONNIERODE,,,Ponni Sugars (Erode) Limited
2008-08-12,42.84999847412109,44.5,41.95000076293945,42.59999847412109,33.05598449707031,11307,PONNIERODE,,,Ponni Sugars (Erode) Limited
2008-08-13,42.0,42.79999923706055,41.04999923706055,42.29999923706055,32.823204040527344,1931,PONNIERODE,,,Ponni Sugars (Erode) Limited
2008-08-14,41.400001525878906,43.45000076293945,41.09999847412109,41.25,32.00843811035156,4085,PONNIERODE,,,Ponni Sugars (Erode) Limited
2008-08-18,40.5,42.79999923706055,40.5,41.34999847412109,32.086036682128906,6063,PONNIERODE,,,Ponni Sugars (Erode) Limited
2008-08-19,41.0,41.5,40.04999923706055,41.34999847412109,32.086036682128906,3681,PONNIERODE,,,Ponni Sugars (Erode) Limited
2008-08-20,41.5,42.20000076293945,40.54999923706055,41.25,32.00843811035156,6576,PONNIERODE,,,Ponni Sugars (Erode) Limited
2008-08-21,41.0,41.29999923706055,40.0,40.29999923706055,31.271276473999023,1517,PONNIERODE,,,Ponni Sugars (Erode) Limited
2008-08-22,41.0,42.34999847412109,39.09999847412109,39.5,30.65050506591797,724,PONNIERODE,,,Ponni Sugars (Erode) Limited
2008-08-25,39.0,39.5,39.0,39.5,30.65050506591797,249,PONNIERODE,,,Ponni Sugars (Erode) Limited
2008-08-26,38.59999847412109,40.84999847412109,38.59999847412109,40.84999847412109,31.698043823242188,160,PONNIERODE,,,Ponni Sugars (Erode) Limited
2008-08-27,40.0,40.59999847412109,38.84999847412109,38.84999847412109,30.1461238861084,604,PONNIERODE,,,Ponni Sugars (Erode) Limited
2008-08-28,37.650001525878906,37.650001525878906,37.650001525878906,37.650001525878906,29.214977264404297,100,PONNIERODE,,,Ponni Sugars (Erode) Limited
2008-08-29,37.650001525878906,38.79999923706055,37.0,38.75,30.06852912902832,1675,PONNIERODE,,,Ponni Sugars (Erode) Limited
2008-09-01,37.5,40.0,37.5,39.900001525878906,30.960887908935547,56,PONNIERODE,,,Ponni Sugars (Erode) Limited
2008-09-02,38.04999923706055,38.04999923706055,37.09999847412109,37.09999847412109,28.78819465637207,1257,PONNIERODE,,,Ponni Sugars (Erode) Limited
2008-09-04,38.0,39.0,37.0,37.54999923706055,29.13737297058105,210,PONNIERODE,,,Ponni Sugars (Erode) Limited
2008-09-05,36.75,37.5,36.0,36.400001525878906,28.245023727416992,1500,PONNIERODE,,,Ponni Sugars (Erode) Limited
2008-09-08,36.5,38.25,36.5,37.54999923706055,29.13737297058105,1171,PONNIERODE,,,Ponni Sugars (Erode) Limited
2008-09-09,37.09999847412109,38.0,37.04999923706055,37.09999847412109,28.78819465637207,420,PONNIERODE,,,Ponni Sugars (Erode) Limited
2008-09-10,38.0,38.70000076293945,37.25,37.25,28.904586791992188,320,PONNIERODE,,,Ponni Sugars (Erode) Limited
2008-09-11,37.0,39.0,36.0,36.0,27.93463516235352,1029,PONNIERODE,,,Ponni Sugars (Erode) Limited
2008-09-12,36.0,37.79999923706055,34.5,34.54999923706055,26.80948829650879,2880,PONNIERODE,,,Ponni Sugars (Erode) Limited
2008-09-15,35.0,35.5,33.5,33.5,25.994728088378903,1210,PONNIERODE,,,Ponni Sugars (Erode) Limited
2008-09-16,32.349998474121094,35.25,32.349998474121094,35.25,27.3526668548584,534,PONNIERODE,,,Ponni Sugars (Erode) Limited
2008-09-17,34.150001525878906,34.150001525878906,33.5,33.5,25.994728088378903,1951,PONNIERODE,,,Ponni Sugars (Erode) Limited
2008-09-18,32.04999923706055,35.0,32.04999923706055,33.099998474121094,25.684345245361328,756,PONNIERODE,,,Ponni Sugars (Erode) Limited
2008-09-19,33.0,34.75,33.0,34.75,26.96468734741211,85,PONNIERODE,,,Ponni Sugars (Erode) Limited
2008-09-22,34.349998474121094,34.349998474121094,34.349998474121094,34.349998474121094,26.654300689697266,10,PONNIERODE,,,Ponni Sugars (Erode) Limited
2008-09-23,33.29999923706055,33.29999923706055,32.650001525878906,32.650001525878906,25.335166931152344,8708,PONNIERODE,,,Ponni Sugars (Erode) Limited
2008-09-24,32.04999923706055,33.95000076293945,32.04999923706055,33.95000076293945,26.343917846679688,1832,PONNIERODE,,,Ponni Sugars (Erode) Limited
2008-09-25,32.54999923706055,32.54999923706055,32.54999923706055,32.54999923706055,25.257568359375,100,PONNIERODE,,,Ponni Sugars (Erode) Limited
2008-09-26,32.75,32.75,32.25,32.25,25.024776458740234,2759,PONNIERODE,,,Ponni Sugars (Erode) Limited
2008-09-29,32.0,33.400001525878906,31.14999961853028,31.299999237060547,24.287616729736328,4666,PONNIERODE,,,Ponni Sugars (Erode) Limited
2008-09-30,30.799999237060547,32.29999923706055,30.75,30.75,23.86083221435547,1514,PONNIERODE,,,Ponni Sugars (Erode) Limited
2008-10-01,31.0,32.29999923706055,30.5,32.0,24.830787658691406,2352,PONNIERODE,,,Ponni Sugars (Erode) Limited
2008-10-03,30.25,30.25,30.100000381469727,30.25,23.47285461425781,700,PONNIERODE,,,Ponni Sugars (Erode) Limited
2008-10-06,29.100000381469727,29.100000381469727,28.799999237060547,28.799999237060547,22.34770965576172,1800,PONNIERODE,,,Ponni Sugars (Erode) Limited
2008-10-07,28.0,30.25,27.700000762939453,27.799999237060547,21.571746826171875,6556,PONNIERODE,,,Ponni Sugars (Erode) Limited
2008-10-08,27.299999237060547,27.299999237060547,26.600000381469727,27.049999237060547,20.98977470397949,1425,PONNIERODE,,,Ponni Sugars (Erode) Limited
2008-10-10,25.89999961853028,27.700000762939453,25.850000381469727,27.700000762939453,21.494150161743164,1650,PONNIERODE,,,Ponni Sugars (Erode) Limited
2008-10-13,26.39999961853028,28.799999237060547,26.39999961853028,27.0,20.95097923278809,1313,PONNIERODE,,,Ponni Sugars (Erode) Limited
2008-10-14,28.25,28.25,26.549999237060547,26.549999237060547,20.601795196533203,2310,PONNIERODE,,,Ponni Sugars (Erode) Limited
2008-10-15,27.950000762939453,27.950000762939453,25.549999237060547,25.549999237060547,19.82583236694336,3956,PONNIERODE,,,Ponni Sugars (Erode) Limited
2008-10-16,25.0,25.600000381469727,24.600000381469727,25.5,19.78703498840332,8081,PONNIERODE,,,Ponni Sugars (Erode) Limited
2008-10-17,24.5,26.0,24.5,26.0,20.17502212524414,881,PONNIERODE,,,Ponni Sugars (Erode) Limited
2008-10-20,25.14999961853028,26.39999961853028,25.14999961853028,26.39999961853028,20.485401153564453,1045,PONNIERODE,,,Ponni Sugars (Erode) Limited
2008-10-21,27.700000762939453,27.700000762939453,26.5,27.700000762939453,21.494150161743164,907,PONNIERODE,,,Ponni Sugars (Erode) Limited
2008-10-22,26.700000762939453,27.5,26.700000762939453,27.5,21.338960647583008,1102,PONNIERODE,,,Ponni Sugars (Erode) Limited
2008-10-23,28.200000762939453,28.5,26.700000762939453,26.700000762939453,20.718191146850582,2107,PONNIERODE,,,Ponni Sugars (Erode) Limited
2008-10-24,25.600000381469727,27.549999237060547,25.549999237060547,25.549999237060547,19.82583236694336,193,PONNIERODE,,,Ponni Sugars (Erode) Limited
2008-10-27,25.0,25.0,24.299999237060547,24.299999237060547,18.85587882995605,385,PONNIERODE,,,Ponni Sugars (Erode) Limited
2008-10-29,23.100000381469727,23.350000381469727,23.100000381469727,23.350000381469727,18.11871719360352,330,PONNIERODE,,,Ponni Sugars (Erode) Limited
2008-10-31,23.350000381469727,24.350000381469727,23.350000381469727,23.350000381469727,18.11871719360352,604,PONNIERODE,,,Ponni Sugars (Erode) Limited
2008-11-03,24.5,24.5,23.350000381469727,24.5,19.01107215881348,872,PONNIERODE,,,Ponni Sugars (Erode) Limited
2008-11-04,25.75,25.75,24.5,25.700000762939453,19.94222450256348,2170,PONNIERODE,,,Ponni Sugars (Erode) Limited
2008-11-05,25.5,27.0,24.450000762939453,24.75,19.205062866210938,3035,PONNIERODE,,,Ponni Sugars (Erode) Limited
2008-11-06,23.549999237060547,25.200000762939453,23.549999237060547,24.850000381469727,19.282655715942383,208,PONNIERODE,,,Ponni Sugars (Erode) Limited
2008-11-07,23.64999961853028,26.0,23.64999961853028,24.0,18.62309455871582,153,PONNIERODE,,,Ponni Sugars (Erode) Limited
2008-11-10,22.799999237060547,24.89999961853028,22.799999237060547,24.200000762939453,18.77828598022461,463,PONNIERODE,,,Ponni Sugars (Erode) Limited
2008-11-11,23.0,24.0,23.0,24.0,18.62309455871582,2481,PONNIERODE,,,Ponni Sugars (Erode) Limited
2008-11-12,22.549999237060547,22.850000381469727,22.549999237060547,22.850000381469727,17.730735778808594,176,PONNIERODE,,,Ponni Sugars (Erode) Limited
2008-11-14,21.75,23.0,21.75,23.0,17.847129821777344,181,PONNIERODE,,,Ponni Sugars (Erode) Limited
2008-11-17,21.850000381469727,24.100000381469727,21.850000381469727,22.25,17.265155792236328,1111,PONNIERODE,,,Ponni Sugars (Erode) Limited
2008-11-18,21.14999961853028,22.799999237060547,21.14999961853028,22.799999237060547,17.691936492919922,1111,PONNIERODE,,,Ponni Sugars (Erode) Limited
2008-11-19,21.39999961853028,22.100000381469727,21.39999961853028,22.049999237060547,17.109960556030273,765,PONNIERODE,,,Ponni Sugars (Erode) Limited
2008-11-20,20.950000762939453,22.0,20.950000762939453,20.950000762939453,16.25640869140625,608,PONNIERODE,,,Ponni Sugars (Erode) Limited
2008-11-21,20.5,20.75,20.39999961853028,20.549999237060547,15.946020126342772,702,PONNIERODE,,,Ponni Sugars (Erode) Limited
2008-11-24,20.25,20.799999237060547,20.25,20.799999237060547,16.1400089263916,1199,PONNIERODE,,,Ponni Sugars (Erode) Limited
2008-11-25,20.25,20.39999961853028,20.25,20.350000381469727,15.7908296585083,301,PONNIERODE,,,Ponni Sugars (Erode) Limited
2008-11-26,20.0,20.799999237060547,20.0,20.700000762939453,16.062416076660156,81,PONNIERODE,,,Ponni Sugars (Erode) Limited
2008-11-27,20.700000762939453,20.700000762939453,20.700000762939453,20.700000762939453,16.062416076660156,0,PONNIERODE,,,Ponni Sugars (Erode) Limited
2008-11-28,21.799999237060547,21.799999237060547,20.0,21.0,16.29520606994629,1087,PONNIERODE,,,Ponni Sugars (Erode) Limited
2008-12-01,22.049999237060547,22.049999237060547,21.5,22.049999237060547,17.109960556030273,1607,PONNIERODE,,,Ponni Sugars (Erode) Limited
2008-12-02,21.549999237060547,21.549999237060547,21.5,21.5,16.683191299438477,93,PONNIERODE,,,Ponni Sugars (Erode) Limited
2008-12-03,22.5,22.5,21.5,22.0,17.071168899536133,1320,PONNIERODE,,,Ponni Sugars (Erode) Limited
2008-12-04,21.25,22.5,21.0,22.5,17.45914649963379,3611,PONNIERODE,,,Ponni Sugars (Erode) Limited
2008-12-05,21.5,23.39999961853028,21.5,22.0,17.071168899536133,588,PONNIERODE,,,Ponni Sugars (Erode) Limited
2008-12-08,21.5,23.0,21.5,23.0,17.847129821777344,237,PONNIERODE,,,Ponni Sugars (Erode) Limited
2008-12-10,22.100000381469727,23.299999237060547,22.100000381469727,22.89999961853028,17.76953125,1176,PONNIERODE,,,Ponni Sugars (Erode) Limited
2008-12-11,23.950000762939453,23.950000762939453,23.100000381469727,23.100000381469727,17.924726486206055,1220,PONNIERODE,,,Ponni Sugars (Erode) Limited
2008-12-12,23.950000762939453,24.299999237060547,23.950000762939453,24.299999237060547,18.85587882995605,889,PONNIERODE,,,Ponni Sugars (Erode) Limited
2008-12-15,24.600000381469727,25.5,24.200000762939453,25.5,19.78703498840332,1000,PONNIERODE,,,Ponni Sugars (Erode) Limited
2008-12-16,25.64999961853028,26.799999237060547,24.299999237060547,25.700000762939453,19.94222450256348,10249,PONNIERODE,,,Ponni Sugars (Erode) Limited
2008-12-17,25.5,26.850000381469727,25.25,25.450000762939453,19.74823570251465,2305,PONNIERODE,,,Ponni Sugars (Erode) Limited
2008-12-18,25.049999237060547,26.75,25.049999237060547,26.5,20.562997817993164,3643,PONNIERODE,,,Ponni Sugars (Erode) Limited
2008-12-19,25.5,27.0,25.39999961853028,27.0,20.95097923278809,3360,PONNIERODE,,,Ponni Sugars (Erode) Limited
2008-12-22,28.350000381469727,28.350000381469727,27.0,27.0,20.95097923278809,1130,PONNIERODE,,,Ponni Sugars (Erode) Limited
2008-12-23,26.39999961853028,27.799999237060547,25.64999961853028,27.0,20.95097923278809,1463,PONNIERODE,,,Ponni Sugars (Erode) Limited
2008-12-24,25.64999961853028,25.64999961853028,25.64999961853028,25.64999961853028,19.90342903137207,100,PONNIERODE,,,Ponni Sugars (Erode) Limited
2008-12-26,25.64999961853028,25.64999961853028,24.450000762939453,24.950000762939453,19.360258102416992,1316,PONNIERODE,,,Ponni Sugars (Erode) Limited
2008-12-29,26.049999237060547,26.049999237060547,23.799999237060547,24.049999237060547,18.6618881225586,530,PONNIERODE,,,Ponni Sugars (Erode) Limited
2008-12-30,24.0,25.0,24.0,24.89999961853028,19.32145500183105,487,PONNIERODE,,,Ponni Sugars (Erode) Limited
2008-12-31,25.950000762939453,26.100000381469727,25.049999237060547,26.100000381469727,20.252609252929688,1797,PONNIERODE,,,Ponni Sugars (Erode) Limited
2009-01-02,27.39999961853028,27.600000381469727,27.350000381469727,27.600000381469727,21.41655158996582,1900,PONNIERODE,,,Ponni Sugars (Erode) Limited
2009-01-05,27.0,28.5,27.0,28.0,21.72694206237793,7700,PONNIERODE,,,Ponni Sugars (Erode) Limited
2009-01-06,28.0,29.200000762939453,28.0,28.5,22.114919662475582,4500,PONNIERODE,,,Ponni Sugars (Erode) Limited
2009-01-07,29.5,29.5,27.5,28.600000381469727,22.19251823425293,8022,PONNIERODE,,,Ponni Sugars (Erode) Limited
2009-01-09,28.600000381469727,28.600000381469727,28.600000381469727,28.600000381469727,22.19251823425293,0,PONNIERODE,,,Ponni Sugars (Erode) Limited
2009-01-12,28.5,28.5,28.200000762939453,28.5,22.114919662475582,4900,PONNIERODE,,,Ponni Sugars (Erode) Limited
2009-01-13,29.450000762939453,29.5,28.75,29.299999237060547,22.735689163208008,13393,PONNIERODE,,,Ponni Sugars (Erode) Limited
2009-01-14,28.0,28.950000762939453,28.0,28.14999961853028,21.84333038330078,700,PONNIERODE,,,Ponni Sugars (Erode) Limited
2009-01-15,27.0,29.450000762939453,26.75,28.200000762939453,21.88213348388672,7400,PONNIERODE,,,Ponni Sugars (Erode) Limited
2009-01-16,27.25,29.0,27.25,29.0,22.50289726257324,1300,PONNIERODE,,,Ponni Sugars (Erode) Limited
2009-01-19,28.75,29.5,28.75,29.049999237060547,22.54170227050781,10400,PONNIERODE,,,Ponni Sugars (Erode) Limited
2009-01-20,28.5,29.5,28.5,28.5,22.114919662475582,1002,PONNIERODE,,,Ponni Sugars (Erode) Limited
2009-01-21,29.0,29.850000381469727,29.0,29.0,22.50289726257324,3801,PONNIERODE,,,Ponni Sugars (Erode) Limited
2009-01-22,28.049999237060547,28.5,27.75,27.75,21.53294944763184,2707,PONNIERODE,,,Ponni Sugars (Erode) Limited
2009-01-23,27.0,28.5,27.0,27.200000762939453,21.106170654296875,3316,PONNIERODE,,,Ponni Sugars (Erode) Limited
2009-01-27,27.5,27.5,27.5,27.5,21.338960647583008,1127,PONNIERODE,,,Ponni Sugars (Erode) Limited
2009-01-28,27.5,28.89999961853028,27.5,28.14999961853028,21.84333038330078,3170,PONNIERODE,,,Ponni Sugars (Erode) Limited
2009-01-29,28.0,29.600000381469727,27.700000762939453,27.950000762939453,21.688140869140625,10007,PONNIERODE,,,Ponni Sugars (Erode) Limited
2009-01-30,27.5,28.5,27.5,28.5,22.114919662475582,240,PONNIERODE,,,Ponni Sugars (Erode) Limited
2009-02-02,28.39999961853028,29.0,27.549999237060547,28.049999237060547,21.76573944091797,3775,PONNIERODE,,,Ponni Sugars (Erode) Limited
2009-02-03,26.64999961853028,29.0,26.64999961853028,28.049999237060547,21.76573944091797,420,PONNIERODE,,,Ponni Sugars (Erode) Limited
2009-02-04,29.25,29.450000762939453,29.25,29.450000762939453,22.852087020874023,3140,PONNIERODE,,,Ponni Sugars (Erode) Limited
2009-02-05,28.5,28.600000381469727,28.0,28.049999237060547,21.76573944091797,758,PONNIERODE,,,Ponni Sugars (Erode) Limited
2009-02-06,28.700000762939453,28.75,28.200000762939453,28.75,22.308916091918945,500,PONNIERODE,,,Ponni Sugars (Erode) Limited
2009-02-09,28.75,28.75,28.14999961853028,28.75,22.308916091918945,2078,PONNIERODE,,,Ponni Sugars (Erode) Limited
2009-02-10,29.0,30.200000762939453,29.0,30.200000762939453,23.434057235717773,2705,PONNIERODE,,,Ponni Sugars (Erode) Limited
2009-02-11,29.100000381469727,31.0,29.100000381469727,31.0,24.05482292175293,6870,PONNIERODE,,,Ponni Sugars (Erode) Limited
2009-02-12,32.0,32.0,30.100000381469727,30.350000381469727,23.550451278686523,1500,PONNIERODE,,,Ponni Sugars (Erode) Limited
2009-02-13,30.0,31.850000381469727,30.0,31.799999237060547,24.675596237182617,6902,PONNIERODE,,,Ponni Sugars (Erode) Limited
2009-02-16,33.0,33.400001525878906,33.0,33.04999923706055,25.64554786682129,8775,PONNIERODE,,,Ponni Sugars (Erode) Limited
2009-02-17,33.75,33.75,32.20000076293945,32.25,25.024776458740234,1350,PONNIERODE,,,Ponni Sugars (Erode) Limited
2009-02-18,30.700000762939453,31.950000762939453,30.64999961853028,30.64999961853028,23.783241271972656,9922,PONNIERODE,,,Ponni Sugars (Erode) Limited
2009-02-19,30.0,31.5,30.0,30.600000381469727,23.744441986083984,1088,PONNIERODE,,,Ponni Sugars (Erode) Limited
2009-02-20,30.0,30.049999237060547,29.5,30.0,23.27886390686035,2355,PONNIERODE,,,Ponni Sugars (Erode) Limited
2009-02-24,28.549999237060547,30.0,28.549999237060547,28.600000381469727,22.19251823425293,5986,PONNIERODE,,,Ponni Sugars (Erode) Limited
2009-02-25,30.0,30.049999237060547,30.0,30.0,23.27886390686035,4187,PONNIERODE,,,Ponni Sugars (Erode) Limited
2009-02-26,31.0,31.450000762939453,31.0,31.450000762939453,24.404008865356445,1645,PONNIERODE,,,Ponni Sugars (Erode) Limited
2009-02-27,30.049999237060547,32.20000076293945,30.0,30.799999237060547,23.899635314941406,6660,PONNIERODE,,,Ponni Sugars (Erode) Limited
2009-03-02,29.5,31.850000381469727,29.5,31.0,24.05482292175293,810,PONNIERODE,,,Ponni Sugars (Erode) Limited
2009-03-03,30.5,30.5,30.14999961853028,30.5,23.66684341430664,362,PONNIERODE,,,Ponni Sugars (Erode) Limited
2009-03-04,29.850000381469727,30.5,29.850000381469727,30.5,23.66684341430664,508,PONNIERODE,,,Ponni Sugars (Erode) Limited
2009-03-05,29.0,30.0,29.0,29.950000762939453,23.240066528320312,3540,PONNIERODE,,,Ponni Sugars (Erode) Limited
2009-03-06,27.0,31.299999237060547,27.0,28.049999237060547,21.76573944091797,229,PONNIERODE,,,Ponni Sugars (Erode) Limited
2009-03-09,25.600000381469727,25.600000381469727,25.5,25.549999237060547,19.82583236694336,100,PONNIERODE,,,Ponni Sugars (Erode) Limited
2009-03-12,25.200000762939453,26.25,25.200000762939453,25.64999961853028,19.90342903137207,3153,PONNIERODE,,,Ponni Sugars (Erode) Limited
2009-03-13,26.100000381469727,28.0,26.100000381469727,28.0,21.72694206237793,350,PONNIERODE,,,Ponni Sugars (Erode) Limited
2009-03-16,25.5,30.799999237060547,25.5,30.200000762939453,23.434057235717773,3350,PONNIERODE,,,Ponni Sugars (Erode) Limited
2009-03-17,28.39999961853028,28.39999961853028,27.39999961853028,27.5,21.338960647583008,2141,PONNIERODE,,,Ponni Sugars (Erode) Limited
2009-03-18,24.799999237060547,30.25,24.799999237060547,28.25,21.92093086242676,4908,PONNIERODE,,,Ponni Sugars (Erode) Limited
2009-03-19,28.14999961853028,28.14999961853028,27.299999237060547,27.299999237060547,21.18376541137696,790,PONNIERODE,,,Ponni Sugars (Erode) Limited
2009-03-20,26.25,27.0,26.0,26.100000381469727,20.252609252929688,1497,PONNIERODE,,,Ponni Sugars (Erode) Limited
2009-03-23,24.5,28.200000762939453,24.5,26.700000762939453,20.718191146850582,1389,PONNIERODE,,,Ponni Sugars (Erode) Limited
2009-03-24,25.600000381469727,28.350000381469727,25.600000381469727,27.950000762939453,21.688140869140625,1150,PONNIERODE,,,Ponni Sugars (Erode) Limited
2009-03-25,25.549999237060547,27.0,25.549999237060547,26.350000381469727,20.44659805297852,2629,PONNIERODE,,,Ponni Sugars (Erode) Limited
2009-03-26,25.0,28.350000381469727,25.0,28.049999237060547,21.76573944091797,1484,PONNIERODE,,,Ponni Sugars (Erode) Limited
2009-03-27,25.299999237060547,27.89999961853028,25.299999237060547,26.600000381469727,20.64059066772461,1157,PONNIERODE,,,Ponni Sugars (Erode) Limited
2009-03-30,25.0,27.549999237060547,25.0,27.0,20.95097923278809,5409,PONNIERODE,,,Ponni Sugars (Erode) Limited
2009-03-31,25.0,27.89999961853028,25.0,26.75,20.75699234008789,1311,PONNIERODE,,,Ponni Sugars (Erode) Limited
2009-04-01,25.049999237060547,28.39999961853028,25.049999237060547,27.850000381469727,21.61054420471192,291,PONNIERODE,,,Ponni Sugars (Erode) Limited
2009-04-02,28.25,29.450000762939453,28.0,28.0,21.72694206237793,1673,PONNIERODE,,,Ponni Sugars (Erode) Limited
2009-04-06,29.5,30.0,27.799999237060547,28.049999237060547,21.76573944091797,1613,PONNIERODE,,,Ponni Sugars (Erode) Limited
2009-04-08,29.700000762939453,30.89999961853028,29.0,30.89999961853028,23.977230072021484,4783,PONNIERODE,,,Ponni Sugars (Erode) Limited
2009-04-09,32.0,32.79999923706055,30.200000762939453,32.349998474121094,25.102373123168945,4116,PONNIERODE,,,Ponni Sugars (Erode) Limited
2009-04-13,33.95000076293945,35.599998474121094,32.95000076293945,35.599998474121094,27.62425422668457,10041,PONNIERODE,,,Ponni Sugars (Erode) Limited
2009-04-15,35.54999923706055,37.400001525878906,35.54999923706055,37.400001525878906,29.020980834960938,3734,PONNIERODE,,,Ponni Sugars (Erode) Limited
2009-04-16,35.75,38.0,35.70000076293945,36.5,28.32261848449707,4765,PONNIERODE,,,Ponni Sugars (Erode) Limited
2009-04-17,36.400001525878906,38.34999847412109,36.400001525878906,38.04999923706055,29.52535629272461,12533,PONNIERODE,,,Ponni Sugars (Erode) Limited
2009-04-20,38.0,38.09999847412109,36.150001525878906,37.20000076293945,28.865795135498047,2680,PONNIERODE,,,Ponni Sugars (Erode) Limited
2009-04-21,37.0,38.0,35.5,36.04999923706055,27.973434448242188,4689,PONNIERODE,,,Ponni Sugars (Erode) Limited
2009-04-22,35.20000076293945,35.20000076293945,34.5,34.5,26.77069091796875,1200,PONNIERODE,,,Ponni Sugars (Erode) Limited
2009-04-23,36.0,36.25,33.150001525878906,36.25,28.12862968444824,8142,PONNIERODE,,,Ponni Sugars (Erode) Limited
2009-04-24,38.0,38.09999847412109,38.0,38.09999847412109,29.56415748596192,8014,PONNIERODE,,,Ponni Sugars (Erode) Limited
2009-04-27,38.0,39.0,36.20000076293945,37.20000076293945,28.865795135498047,7174,PONNIERODE,,,Ponni Sugars (Erode) Limited
2009-04-28,36.04999923706055,37.5,36.0,36.34999847412109,28.20622444152832,1718,PONNIERODE,,,Ponni Sugars (Erode) Limited
2009-04-29,35.0,36.400001525878906,35.0,35.5,27.54665184020996,1401,PONNIERODE,,,Ponni Sugars (Erode) Limited
2009-04-30,35.5,35.5,35.5,35.5,27.54665184020996,0,PONNIERODE,,,Ponni Sugars (Erode) Limited
2009-05-04,37.0,37.0,35.54999923706055,35.849998474121094,27.8182373046875,4852,PONNIERODE,,,Ponni Sugars (Erode) Limited
2009-05-05,36.09999847412109,37.650001525878906,35.0,37.650001525878906,29.214977264404297,6535,PONNIERODE,,,Ponni Sugars (Erode) Limited
2009-05-06,36.5,39.54999923706055,36.400001525878906,39.34999847412109,30.53411102294922,9775,PONNIERODE,,,Ponni Sugars (Erode) Limited
2009-05-07,40.54999923706055,41.0,38.5,38.70000076293945,30.029741287231445,2356,PONNIERODE,,,Ponni Sugars (Erode) Limited
2009-05-08,37.04999923706055,40.650001525878906,37.0,40.400001525878906,31.34886741638184,4243,PONNIERODE,,,Ponni Sugars (Erode) Limited
2009-05-11,39.04999923706055,41.0,38.650001525878906,40.04999923706055,31.077280044555664,5288,PONNIERODE,,,Ponni Sugars (Erode) Limited
2009-05-12,38.54999923706055,40.0,38.04999923706055,38.34999847412109,29.75814437866211,2827,PONNIERODE,,,Ponni Sugars (Erode) Limited
2009-05-13,38.25,39.0,37.75,39.0,30.26252555847168,1651,PONNIERODE,,,Ponni Sugars (Erode) Limited
2009-05-14,39.5,40.0,37.5,37.84999847412109,29.37016487121582,10839,PONNIERODE,,,Ponni Sugars (Erode) Limited
2009-05-15,39.75,39.75,37.650001525878906,37.79999923706055,29.33137321472168,480,PONNIERODE,,,Ponni Sugars (Erode) Limited
2009-05-18,37.79999923706055,37.79999923706055,37.79999923706055,37.79999923706055,29.33137321472168,0,PONNIERODE,,,Ponni Sugars (Erode) Limited
2009-05-19,38.0,39.70000076293945,38.0,39.70000076293945,30.80569076538086,2910,PONNIERODE,,,Ponni Sugars (Erode) Limited
2009-05-20,37.79999923706055,40.900001525878906,37.75,40.650001525878906,31.542863845825195,10881,PONNIERODE,,,Ponni Sugars (Erode) Limited
2009-05-21,41.75,42.0,39.45000076293945,39.900001525878906,30.960887908935547,3806,PONNIERODE,,,Ponni Sugars (Erode) Limited
2009-05-22,38.54999923706055,40.900001525878906,38.54999923706055,40.0,31.03848648071289,2010,PONNIERODE,,,Ponni Sugars (Erode) Limited
2009-05-25,39.04999923706055,42.0,39.04999923706055,42.0,32.59041213989258,4637,PONNIERODE,,,Ponni Sugars (Erode) Limited
2009-05-26,42.0,44.09999847412109,41.09999847412109,41.5,32.20243453979492,2845,PONNIERODE,,,Ponni Sugars (Erode) Limited
2009-05-27,40.0,41.900001525878906,39.45000076293945,40.25,31.23247528076172,7335,PONNIERODE,,,Ponni Sugars (Erode) Limited
2009-05-28,41.0,42.25,40.0,42.0,32.59041213989258,5982,PONNIERODE,,,Ponni Sugars (Erode) Limited
2009-05-29,44.0,44.0,40.54999923706055,42.650001525878906,33.09479904174805,7047,PONNIERODE,,,Ponni Sugars (Erode) Limited
2009-06-01,42.04999923706055,42.900001525878906,41.0,42.400001525878906,32.90079116821289,3550,PONNIERODE,,,Ponni Sugars (Erode) Limited
2009-06-02,41.5,43.5,41.0,42.75,33.17237854003906,6999,PONNIERODE,,,Ponni Sugars (Erode) Limited
2009-06-03,43.45000076293945,43.95000076293945,43.0,43.09999847412109,33.443965911865234,900,PONNIERODE,,,Ponni Sugars (Erode) Limited
2009-06-04,45.0,45.29999923706055,43.09999847412109,45.04999923706055,34.95709609985352,5850,PONNIERODE,,,Ponni Sugars (Erode) Limited
2009-06-05,46.900001525878906,47.29999923706055,45.5,47.150001525878906,36.586612701416016,7955,PONNIERODE,,,Ponni Sugars (Erode) Limited
2009-06-08,49.54999923706055,49.54999923706055,49.54999923706055,49.54999923706055,38.44892120361328,11900,PONNIERODE,,,Ponni Sugars (Erode) Limited
2009-06-09,52.04999923706055,52.04999923706055,52.04999923706055,52.04999923706055,40.38882446289063,26000,PONNIERODE,,,Ponni Sugars (Erode) Limited
2009-06-10,54.650001525878906,54.650001525878906,54.59999847412109,54.650001525878906,42.40633773803711,16900,PONNIERODE,,,Ponni Sugars (Erode) Limited
2009-06-11,56.900001525878906,57.400001525878906,53.0,57.400001525878906,44.54022979736328,36600,PONNIERODE,,,Ponni Sugars (Erode) Limited
2009-06-12,58.04999923706055,58.5,54.59999847412109,54.95000076293945,42.63911819458008,25137,PONNIERODE,,,Ponni Sugars (Erode) Limited
2009-06-15,56.04999923706055,57.70000076293945,56.0,56.150001525878906,43.570274353027344,18450,PONNIERODE,,,Ponni Sugars (Erode) Limited
2009-06-16,57.0,59.0,56.0,59.0,45.7817611694336,31400,PONNIERODE,,,Ponni Sugars (Erode) Limited
2009-06-17,61.0,61.75,57.5,58.150001525878906,45.1222038269043,31050,PONNIERODE,,,Ponni Sugars (Erode) Limited
2009-06-18,59.84999847412109,59.900001525878906,55.25,55.29999923706055,42.91070556640625,42683,PONNIERODE,,,Ponni Sugars (Erode) Limited
2009-06-19,56.0,56.400001525878906,54.5,55.650001525878906,43.18230438232422,5863,PONNIERODE,,,Ponni Sugars (Erode) Limited
2009-06-22,55.0,57.5,52.900001525878906,55.75,43.259891510009766,7051,PONNIERODE,,,Ponni Sugars (Erode) Limited
2009-06-23,53.5,54.75,53.0,53.54999923706055,41.55276870727539,9329,PONNIERODE,,,Ponni Sugars (Erode) Limited
2009-06-24,54.900001525878906,56.25,54.04999923706055,56.25,43.64786911010742,9000,PONNIERODE,,,Ponni Sugars (Erode) Limited
2009-06-25,57.0,58.0,53.5,55.150001525878906,42.7943115234375,13891,PONNIERODE,,,Ponni Sugars (Erode) Limited
2009-06-26,57.0,57.150001525878906,55.75,56.150001525878906,43.570274353027344,7067,PONNIERODE,,,Ponni Sugars (Erode) Limited
2009-06-29,57.0,58.0,56.0,57.45000076293945,44.57902526855469,6215,PONNIERODE,,,Ponni Sugars (Erode) Limited
2009-06-30,57.04999923706055,58.400001525878906,54.59999847412109,54.79999923706055,42.522727966308594,9503,PONNIERODE,,,Ponni Sugars (Erode) Limited
2009-07-01,55.0,55.5,54.59999847412109,55.0,42.677921295166016,1503,PONNIERODE,,,Ponni Sugars (Erode) Limited
2009-07-02,55.5,57.75,55.0,56.45000076293945,43.80305862426758,6100,PONNIERODE,,,Ponni Sugars (Erode) Limited
2009-07-03,55.5,59.25,53.75,57.900001525878906,44.92820739746094,10874,PONNIERODE,,,Ponni Sugars (Erode) Limited
2009-07-06,59.0,59.5,55.0,55.34999847412109,42.94950866699219,13555,PONNIERODE,,,Ponni Sugars (Erode) Limited
2009-07-07,56.0,56.0,53.0,54.20000076293945,42.0571403503418,4661,PONNIERODE,,,Ponni Sugars (Erode) Limited
2009-07-08,52.09999847412109,54.400001525878906,50.20000076293945,53.79999923706055,41.74676132202149,5269,PONNIERODE,,,Ponni Sugars (Erode) Limited
2009-07-09,52.34999847412109,57.900001525878906,51.34999847412109,56.34999847412109,43.72547149658203,6433,PONNIERODE,,,Ponni Sugars (Erode) Limited
2009-07-10,59.95000076293945,62.0,58.150001525878906,58.650001525878906,45.51017761230469,39812,PONNIERODE,,,Ponni Sugars (Erode) Limited
2009-07-13,59.5,59.5,50.650001525878906,52.650001525878906,42.67338943481445,43162,PONNIERODE,,,Ponni Sugars (Erode) Limited
2009-07-14,56.29999923706055,56.29999923706055,53.20000076293945,54.79999923706055,44.41598892211914,10452,PONNIERODE,,,Ponni Sugars (Erode) Limited
2009-07-15,54.0,57.0,52.70000076293945,56.04999923706055,45.42912673950195,8802,PONNIERODE,,,Ponni Sugars (Erode) Limited
2009-07-16,56.09999847412109,57.0,53.25,55.09999847412109,44.659141540527344,5628,PONNIERODE,,,Ponni Sugars (Erode) Limited
2009-07-17,56.900001525878906,56.900001525878906,53.5,54.650001525878906,44.29441452026367,7855,PONNIERODE,,,Ponni Sugars (Erode) Limited
2009-07-20,58.0,58.0,53.5,53.75,43.5649528503418,13979,PONNIERODE,,,Ponni Sugars (Erode) Limited
2009-07-21,53.25,54.70000076293945,53.25,54.0,43.767578125,7600,PONNIERODE,,,Ponni Sugars (Erode) Limited
2009-07-22,55.75,56.95000076293945,54.20000076293945,55.0,44.57809066772461,11480,PONNIERODE,,,Ponni Sugars (Erode) Limited
2009-07-23,60.5,60.5,59.150001525878906,60.5,49.03589630126953,72600,PONNIERODE,,,Ponni Sugars (Erode) Limited
2009-07-24,64.5,64.5,58.29999923706055,59.84999847412109,48.50907516479492,26345,PONNIERODE,,,Ponni Sugars (Erode) Limited
2009-07-27,59.0,61.0,58.04999923706055,58.45000076293945,47.374359130859375,15020,PONNIERODE,,,Ponni Sugars (Erode) Limited
2009-07-28,58.150001525878906,62.79999923706055,58.04999923706055,60.900001525878906,49.360107421875,20337,PONNIERODE,,,Ponni Sugars (Erode) Limited
2009-07-29,63.5,63.5,59.54999923706055,61.09999847412109,49.52221298217773,20286,PONNIERODE,,,Ponni Sugars (Erode) Limited
2009-07-30,61.0,63.20000076293945,59.0,62.04999923706055,50.29219436645508,19119,PONNIERODE,,,Ponni Sugars (Erode) Limited
2009-07-31,63.5,65.0,61.5,62.20000076293945,50.41377639770508,20242,PONNIERODE,,,Ponni Sugars (Erode) Limited
2009-08-03,62.5,68.44999694824219,60.0,68.44999694824219,55.47946166992188,64600,PONNIERODE,,,Ponni Sugars (Erode) Limited
2009-08-04,69.5999984741211,73.5,68.5,70.0,56.735748291015625,75001,PONNIERODE,,,Ponni Sugars (Erode) Limited
2009-08-05,72.5,74.94999694824219,72.0,74.1500015258789,60.099365234375,56917,PONNIERODE,,,Ponni Sugars (Erode) Limited
2009-08-06,75.5,81.5999984741211,75.5,77.8499984741211,63.098270416259766,78187,PONNIERODE,,,Ponni Sugars (Erode) Limited
2009-08-07,77.05000305175781,81.19999694824219,77.05000305175781,79.25,64.23297882080078,59314,PONNIERODE,,,Ponni Sugars (Erode) Limited
2009-08-10,81.0,83.25,81.0,83.25,67.47502136230469,46300,PONNIERODE,,,Ponni Sugars (Erode) Limited
2009-08-11,87.44999694824219,87.44999694824219,85.0999984741211,87.44999694824219,70.87916564941406,30400,PONNIERODE,,,Ponni Sugars (Erode) Limited
2009-08-12,91.8499984741211,91.8499984741211,88.5,91.8499984741211,74.4454116821289,115400,PONNIERODE,,,Ponni Sugars (Erode) Limited
2009-08-13,95.9000015258789,96.4499969482422,95.25,96.4499969482422,78.17375946044922,57500,PONNIERODE,,,Ponni Sugars (Erode) Limited
2009-08-14,100.9499969482422,101.25,91.6500015258789,91.6500015258789,74.2833023071289,106600,PONNIERODE,,,Ponni Sugars (Erode) Limited
2009-08-17,87.69999694824219,88.4000015258789,87.0999984741211,87.0999984741211,70.59548950195312,56001,PONNIERODE,,,Ponni Sugars (Erode) Limited
2009-08-18,88.0,88.0,82.75,83.75,67.88027954101562,44517,PONNIERODE,,,Ponni Sugars (Erode) Limited
2009-08-19,80.0999984741211,84.4000015258789,79.5999984741211,79.80000305175781,64.67877197265625,38059,PONNIERODE,,,Ponni Sugars (Erode) Limited
2009-08-20,76.30000305175781,83.0,76.30000305175781,79.8499984741211,64.71928405761719,120469,PONNIERODE,,,Ponni Sugars (Erode) Limited
2009-08-21,83.8499984741211,83.8499984741211,80.0,83.8499984741211,67.9613265991211,15889,PONNIERODE,,,Ponni Sugars (Erode) Limited
2009-08-24,85.0,88.05000305175781,85.0,87.8499984741211,71.20337677001953,23442,PONNIERODE,,,Ponni Sugars (Erode) Limited
2009-08-25,90.0,90.0,83.5,84.3499984741211,68.3665771484375,13001,PONNIERODE,,,Ponni Sugars (Erode) Limited
2009-08-26,80.5,86.0,80.5,84.75,68.69078063964844,18887,PONNIERODE,,,Ponni Sugars (Erode) Limited
2009-08-27,81.0,86.0,81.0,84.25,68.28553009033203,17797,PONNIERODE,,,Ponni Sugars (Erode) Limited
2009-08-28,82.0,87.0,82.0,83.6500015258789,67.7992172241211,15507,PONNIERODE,,,Ponni Sugars (Erode) Limited
2009-08-31,80.0,87.8499984741211,80.0,87.8499984741211,71.20337677001953,38400,PONNIERODE,,,Ponni Sugars (Erode) Limited
2009-09-01,84.0,92.25,84.0,91.5500030517578,74.20225524902344,64393,PONNIERODE,,,Ponni Sugars (Erode) Limited
2009-09-02,88.0,94.5,88.0,93.75,75.9853744506836,34568,PONNIERODE,,,Ponni Sugars (Erode) Limited
2009-09-03,93.75,97.0,92.0,92.6500015258789,75.09382629394531,16965,PONNIERODE,,,Ponni Sugars (Erode) Limited
2009-09-04,92.0,92.6999969482422,88.5999984741211,90.0,72.94596862792969,7300,PONNIERODE,,,Ponni Sugars (Erode) Limited
2009-09-07,85.0999984741211,92.0,85.0999984741211,88.69999694824219,71.89230346679688,11485,PONNIERODE,,,Ponni Sugars (Erode) Limited
2009-09-08,85.05000305175781,92.0,85.05000305175781,88.19999694824219,71.4870376586914,23534,PONNIERODE,,,Ponni Sugars (Erode) Limited
2009-09-09,80.55000305175781,89.0,80.55000305175781,88.5999984741211,71.8112564086914,11665,PONNIERODE,,,Ponni Sugars (Erode) Limited
2009-09-10,84.0,91.0,84.0,89.5999984741211,72.62176513671875,22288,PONNIERODE,,,Ponni Sugars (Erode) Limited
2009-09-11,85.0,90.0,85.0,89.4000015258789,72.45967102050781,15130,PONNIERODE,,,Ponni Sugars (Erode) Limited
2009-09-14,85.0,86.9000015258789,85.0,85.94999694824219,69.66336822509766,10665,PONNIERODE,,,Ponni Sugars (Erode) Limited
2009-09-15,81.0,89.0999984741211,81.0,88.5,71.73019409179688,13300,PONNIERODE,,,Ponni Sugars (Erode) Limited
2009-09-16,85.0,90.5,85.0,88.1500015258789,71.44652557373047,7907,PONNIERODE,,,Ponni Sugars (Erode) Limited
2009-09-17,86.0,92.0,86.0,89.3499984741211,72.41913604736328,14248,PONNIERODE,,,Ponni Sugars (Erode) Limited
2009-09-18,86.0,89.5,86.0,88.6500015258789,71.85176849365234,2683,PONNIERODE,,,Ponni Sugars (Erode) Limited
2009-09-22,80.25,88.19999694824219,80.25,86.3499984741211,69.98759460449219,6945,PONNIERODE,,,Ponni Sugars (Erode) Limited
2009-09-23,85.0,88.94999694824219,85.0,85.8499984741211,69.58235168457031,9711,PONNIERODE,,,Ponni Sugars (Erode) Limited
2009-09-24,82.0,89.0,82.0,86.0,69.70391082763672,4573,PONNIERODE,,,Ponni Sugars (Erode) Limited
2009-09-25,80.1500015258789,86.0,80.1500015258789,85.0999984741211,68.97447204589844,22403,PONNIERODE,,,Ponni Sugars (Erode) Limited
2009-09-29,83.0,88.80000305175781,83.0,84.19999694824219,68.24501037597656,5403,PONNIERODE,,,Ponni Sugars (Erode) Limited
2009-09-30,82.0999984741211,89.9000015258789,82.0999984741211,89.05000305175781,72.17598724365234,15283,PONNIERODE,,,Ponni Sugars (Erode) Limited
2009-10-01,85.19999694824219,89.0,85.19999694824219,87.69999694824219,71.08180236816406,3072,PONNIERODE,,,Ponni Sugars (Erode) Limited
2009-10-05,85.25,86.3499984741211,83.19999694824219,84.55000305175781,68.5286865234375,9346,PONNIERODE,,,Ponni Sugars (Erode) Limited
2009-10-06,80.25,89.0,80.25,83.9000015258789,68.0018539428711,3604,PONNIERODE,,,Ponni Sugars (Erode) Limited
2009-10-07,81.19999694824219,89.0,81.19999694824219,86.75,70.31182098388672,14087,PONNIERODE,,,Ponni Sugars (Erode) Limited
2009-10-08,84.8499984741211,88.6500015258789,84.8499984741211,88.0,71.32495880126953,10000,PONNIERODE,,,Ponni Sugars (Erode) Limited
2009-10-09,86.0,89.0,85.0,85.30000305175781,69.1365737915039,4330,PONNIERODE,,,Ponni Sugars (Erode) Limited
2009-10-12,84.0,88.5,84.0,85.80000305175781,69.5418472290039,5142,PONNIERODE,,,Ponni Sugars (Erode) Limited
2009-10-13,85.80000305175781,85.80000305175781,85.80000305175781,85.80000305175781,69.5418472290039,0,PONNIERODE,,,Ponni Sugars (Erode) Limited
2009-10-14,84.0,90.0,84.0,89.19999694824219,72.29754638671875,19446,PONNIERODE,,,Ponni Sugars (Erode) Limited
2009-10-15,89.25,92.0,88.5999984741211,90.1500015258789,73.0675277709961,22576,PONNIERODE,,,Ponni Sugars (Erode) Limited
2009-10-16,86.5,91.0999984741211,86.5,89.5999984741211,72.62176513671875,11722,PONNIERODE,,,Ponni Sugars (Erode) Limited
2009-10-20,89.0,96.0,89.0,95.1500015258789,77.1200942993164,26379,PONNIERODE,,,Ponni Sugars (Erode) Limited
2009-10-21,89.0,104.6999969482422,89.0,98.9000015258789,80.15950775146484,179639,PONNIERODE,,,Ponni Sugars (Erode) Limited
2009-10-22,95.0999984741211,104.75,95.0999984741211,100.6500015258789,81.57791137695312,80377,PONNIERODE,,,Ponni Sugars (Erode) Limited
2009-10-23,98.5999984741211,110.75,98.5999984741211,108.5,87.94042205810547,285500,PONNIERODE,,,Ponni Sugars (Erode) Limited
2009-10-26,113.8499984741211,114.8499984741211,107.5,108.25,87.7377700805664,153244,PONNIERODE,,,Ponni Sugars (Erode) Limited
2009-10-27,103.0,109.5,101.0,103.25,83.68523406982422,39376,PONNIERODE,,,Ponni Sugars (Erode) Limited
2009-10-28,98.5,107.9000015258789,98.5,103.9000015258789,84.2120590209961,31339,PONNIERODE,,,Ponni Sugars (Erode) Limited
2009-10-29,95.0,103.5999984741211,95.0,102.6500015258789,83.19892883300781,23442,PONNIERODE,,,Ponni Sugars (Erode) Limited
2009-10-30,103.0,108.0,97.0,97.8000030517578,79.26793670654297,37795,PONNIERODE,,,Ponni Sugars (Erode) Limited
2009-11-03,96.0,98.0,90.0,91.0,73.7564697265625,22362,PONNIERODE,,,Ponni Sugars (Erode) Limited
2009-11-04,82.69999694824219,95.0,82.69999694824219,93.4499969482422,75.74222564697266,16096,PONNIERODE,,,Ponni Sugars (Erode) Limited
2009-11-05,85.19999694824219,96.0,85.19999694824219,94.75,76.79588317871094,6046,PONNIERODE,,,Ponni Sugars (Erode) Limited
2009-11-06,94.0,104.0,94.0,95.75,77.60640716552734,11254,PONNIERODE,,,Ponni Sugars (Erode) Limited
2009-11-09,92.0,102.0,92.0,101.25,82.06421661376953,14700,PONNIERODE,,,Ponni Sugars (Erode) Limited
2009-11-10,97.0,104.5,97.0,101.5500030517578,82.30735778808594,14866,PONNIERODE,,,Ponni Sugars (Erode) Limited
2009-11-11,90.5,104.0,90.5,102.4000015258789,82.99629974365234,20877,PONNIERODE,,,Ponni Sugars (Erode) Limited
2009-11-12,98.0,104.5,98.0,103.4000015258789,83.80680847167969,13654,PONNIERODE,,,Ponni Sugars (Erode) Limited
2009-11-13,100.0,110.5,100.0,107.1999969482422,86.88674926757812,32680,PONNIERODE,,,Ponni Sugars (Erode) Limited
2009-11-16,109.0,112.5,107.0,108.75,88.14305114746094,28637,PONNIERODE,,,Ponni Sugars (Erode) Limited
2009-11-17,108.1500015258789,109.9000015258789,105.25,108.4499969482422,87.89990234375,11904,PONNIERODE,,,Ponni Sugars (Erode) Limited
2009-11-18,108.0,108.0,105.25,105.9000015258789,85.83309936523438,14889,PONNIERODE,,,Ponni Sugars (Erode) Limited
2009-11-19,108.9499969482422,108.9499969482422,102.0,102.5999984741211,83.15840148925781,13516,PONNIERODE,,,Ponni Sugars (Erode) Limited
2009-11-20,93.1999969482422,107.9000015258789,93.1999969482422,100.5500030517578,81.49687194824219,21778,PONNIERODE,,,Ponni Sugars (Erode) Limited
2009-11-23,98.0999984741211,104.9000015258789,98.0999984741211,102.4000015258789,82.99629974365234,7579,PONNIERODE,,,Ponni Sugars (Erode) Limited
2009-11-24,98.0999984741211,104.0,98.0999984741211,103.0,83.48261260986328,8400,PONNIERODE,,,Ponni Sugars (Erode) Limited
2009-11-25,103.9499969482422,105.75,101.0,104.6500015258789,84.81996154785156,13467,PONNIERODE,,,Ponni Sugars (Erode) Limited
2009-11-26,100.0,107.5,100.0,105.0500030517578,85.1441650390625,13977,PONNIERODE,,,Ponni Sugars (Erode) Limited
2009-11-27,100.25,106.8000030517578,100.25,103.8499984741211,84.17153930664062,20391,PONNIERODE,,,Ponni Sugars (Erode) Limited
2009-11-30,100.25,107.8000030517578,100.25,104.6999969482422,84.86048889160156,4489,PONNIERODE,,,Ponni Sugars (Erode) Limited
2009-12-01,100.25,105.5,100.25,103.6500015258789,84.00944519042969,2956,PONNIERODE,,,Ponni Sugars (Erode) Limited
2009-12-02,101.0,105.0,101.0,104.25,84.49575805664062,2039,PONNIERODE,,,Ponni Sugars (Erode) Limited
2009-12-03,101.0,105.0,101.0,103.5500030517578,83.92838287353516,6427,PONNIERODE,,,Ponni Sugars (Erode) Limited
2009-12-04,99.0,107.0,99.0,105.0500030517578,85.1441650390625,16982,PONNIERODE,,,Ponni Sugars (Erode) Limited
2009-12-07,102.0500030517578,105.8000030517578,102.0500030517578,103.5500030517578,83.92838287353516,5106,PONNIERODE,,,Ponni Sugars (Erode) Limited
2009-12-08,100.25,105.5,100.25,103.6999969482422,84.04995727539062,5853,PONNIERODE,,,Ponni Sugars (Erode) Limited
2009-12-09,100.0,104.8000030517578,100.0,104.3499984741211,84.57679748535156,1586,PONNIERODE,,,Ponni Sugars (Erode) Limited
2009-12-10,101.0,105.4499969482422,101.0,104.1999969482422,84.45520782470703,3408,PONNIERODE,,,Ponni Sugars (Erode) Limited
2009-12-11,101.0,107.0,101.0,106.4000015258789,86.23834991455078,5361,PONNIERODE,,,Ponni Sugars (Erode) Limited
2009-12-14,102.25,108.0,102.25,105.25,85.30625915527344,8530,PONNIERODE,,,Ponni Sugars (Erode) Limited
2009-12-15,104.0,105.5,104.0,104.6500015258789,84.81996154785156,6156,PONNIERODE,,,Ponni Sugars (Erode) Limited
2009-12-16,102.0,106.3000030517578,102.0,105.25,85.30625915527344,2078,PONNIERODE,,,Ponni Sugars (Erode) Limited
2009-12-17,102.0,106.3000030517578,102.0,105.6999969482422,85.67096710205078,3208,PONNIERODE,,,Ponni Sugars (Erode) Limited
2009-12-18,102.0999984741211,107.8000030517578,102.0999984741211,105.4499969482422,85.46835327148438,9990,PONNIERODE,,,Ponni Sugars (Erode) Limited
2009-12-21,105.5,107.75,105.5,106.0,85.91413116455078,3801,PONNIERODE,,,Ponni Sugars (Erode) Limited
2009-12-22,104.0,106.9000015258789,104.0,105.8000030517578,85.75204467773438,6088,PONNIERODE,,,Ponni Sugars (Erode) Limited
2009-12-23,107.9000015258789,107.9000015258789,105.25,106.4000015258789,86.23834991455078,3106,PONNIERODE,,,Ponni Sugars (Erode) Limited
2009-12-24,104.0,106.8499984741211,104.0,105.6500015258789,85.6304702758789,3197,PONNIERODE,,,Ponni Sugars (Erode) Limited
2009-12-29,102.25,112.0,102.25,111.1999969482422,90.1287841796875,15084,PONNIERODE,,,Ponni Sugars (Erode) Limited
2009-12-30,106.0,133.0,106.0,119.0,96.4507827758789,27912,PONNIERODE,,,Ponni Sugars (Erode) Limited
2009-12-31,106.0,132.9499969482422,106.0,121.5,98.47705841064452,39409,PONNIERODE,,,Ponni Sugars (Erode) Limited
2010-01-04,109.0,139.89999389648438,109.0,136.0,110.22945404052734,98884,PONNIERODE,,,Ponni Sugars (Erode) Limited
2010-01-05,142.0,159.5,131.9499969482422,147.60000610351562,119.6313934326172,245331,PONNIERODE,,,Ponni Sugars (Erode) Limited
2010-01-06,138.5,155.0,138.5,150.14999389648438,121.6981964111328,68527,PONNIERODE,,,Ponni Sugars (Erode) Limited
2010-01-07,148.0,152.60000610351562,146.0,147.85000610351562,119.83401489257812,25666,PONNIERODE,,,Ponni Sugars (Erode) Limited
2010-01-08,141.9499969482422,151.39999389648438,141.9499969482422,148.5500030517578,120.40138244628906,23585,PONNIERODE,,,Ponni Sugars (Erode) Limited
2010-01-11,148.9499969482422,148.9499969482422,144.8000030517578,145.0500030517578,117.56461334228516,11032,PONNIERODE,,,Ponni Sugars (Erode) Limited
2010-01-12,141.9499969482422,148.64999389648438,140.0,142.35000610351562,115.37620544433594,28913,PONNIERODE,,,Ponni Sugars (Erode) Limited
2010-01-13,135.5,155.8000030517578,135.5,153.64999389648438,124.53496551513672,89917,PONNIERODE,,,Ponni Sugars (Erode) Limited
2010-01-14,140.10000610351562,159.85000610351562,140.10000610351562,155.5,126.03438568115234,78158,PONNIERODE,,,Ponni Sugars (Erode) Limited
2010-01-15,149.10000610351562,175.0,149.10000610351562,168.35000610351562,136.449462890625,114517,PONNIERODE,,,Ponni Sugars (Erode) Limited
2010-01-18,161.9499969482422,188.0,161.9499969482422,171.89999389648438,139.3267364501953,64544,PONNIERODE,,,Ponni Sugars (Erode) Limited
2010-01-19,168.5,173.5,153.9499969482422,157.4499969482422,127.61489868164062,36623,PONNIERODE,,,Ponni Sugars (Erode) Limited
2010-01-20,151.3000030517578,160.0,150.0,154.5,125.2238998413086,29862,PONNIERODE,,,Ponni Sugars (Erode) Limited
2010-01-21,150.0,172.0,150.0,164.89999389648438,133.6532440185547,154530,PONNIERODE,,,Ponni Sugars (Erode) Limited
2010-01-22,160.10000610351562,169.0,156.85000610351562,164.5500030517578,133.36953735351562,47120,PONNIERODE,,,Ponni Sugars (Erode) Limited
2010-01-25,150.0,169.8000030517578,150.0,162.5,131.70799255371094,17359,PONNIERODE,,,Ponni Sugars (Erode) Limited
2010-01-27,160.0,166.6999969482422,147.60000610351562,148.89999389648438,120.6850357055664,16209,PONNIERODE,,,Ponni Sugars (Erode) Limited
2010-01-28,141.1999969482422,159.5,141.1999969482422,145.4499969482422,117.8887710571289,11551,PONNIERODE,,,Ponni Sugars (Erode) Limited
2010-01-29,143.0,155.0,136.0,147.39999389648438,119.46927642822266,11910,PONNIERODE,,,Ponni Sugars (Erode) Limited
2010-02-01,141.10000610351562,154.0,136.0,148.1999969482422,120.1176986694336,30438,PONNIERODE,,,Ponni Sugars (Erode) Limited
2010-02-02,142.0,153.5,142.0,148.14999389648438,120.0771713256836,23813,PONNIERODE,,,Ponni Sugars (Erode) Limited
2010-02-03,143.14999389648438,152.5,143.14999389648438,144.4499969482422,117.07828521728516,15079,PONNIERODE,,,Ponni Sugars (Erode) Limited
2010-02-04,138.0,163.39999389648438,138.0,155.0,125.6291732788086,297233,PONNIERODE,,,Ponni Sugars (Erode) Limited
2010-02-05,150.0,153.89999389648438,139.5,144.5500030517578,117.15933227539062,62811,PONNIERODE,,,Ponni Sugars (Erode) Limited
2010-02-08,138.10000610351562,146.89999389648438,138.10000610351562,144.25,116.91616821289062,11677,PONNIERODE,,,Ponni Sugars (Erode) Limited
2010-02-09,138.10000610351562,145.5,135.75,137.75,111.6478500366211,23895,PONNIERODE,,,Ponni Sugars (Erode) Limited
2010-02-10,131.10000610351562,141.0,131.10000610351562,136.5500030517578,110.67523956298828,18262,PONNIERODE,,,Ponni Sugars (Erode) Limited
2010-02-11,133.0,149.89999389648438,133.0,144.0,116.71356964111328,140637,PONNIERODE,,,Ponni Sugars (Erode) Limited
2010-02-15,147.0,149.8000030517578,140.25,142.10000610351562,115.17357635498048,25642,PONNIERODE,,,Ponni Sugars (Erode) Limited
2010-02-16,136.10000610351562,145.0,136.10000610351562,137.89999389648438,111.76943969726562,17659,PONNIERODE,,,Ponni Sugars (Erode) Limited
2010-02-17,138.0,142.0,135.3000030517578,137.4499969482422,111.40470123291016,23003,PONNIERODE,,,Ponni Sugars (Erode) Limited
2010-02-18,131.9499969482422,138.89999389648438,131.9499969482422,134.35000610351562,108.89212799072266,11705,PONNIERODE,,,Ponni Sugars (Erode) Limited
2010-02-19,130.0,133.3000030517578,130.0,131.8000030517578,106.82533264160156,22609,PONNIERODE,,,Ponni Sugars (Erode) Limited
2010-02-22,127.0999984741211,135.89999389648438,121.0,123.0500030517578,99.7333526611328,28343,PONNIERODE,,,Ponni Sugars (Erode) Limited
2010-02-23,121.0,124.6999969482422,113.75,116.0,94.0192413330078,31692,PONNIERODE,,,Ponni Sugars (Erode) Limited
2010-02-24,115.0,115.0,105.0,112.0999984741211,90.8582534790039,31267,PONNIERODE,,,Ponni Sugars (Erode) Limited
2010-02-25,110.6500015258789,118.5999984741211,110.6500015258789,117.8000030517578,95.47816467285156,21262,PONNIERODE,,,Ponni Sugars (Erode) Limited
2010-02-26,113.3000030517578,118.9000015258789,113.3000030517578,117.5,95.23502349853516,11206,PONNIERODE,,,Ponni Sugars (Erode) Limited
2010-03-02,110.1500015258789,128.6999969482422,110.1500015258789,117.0500030517578,94.87028503417967,7247,PONNIERODE,,,Ponni Sugars (Erode) Limited
2010-03-03,111.1500015258789,121.5,111.1500015258789,120.0500030517578,97.30181884765624,26543,PONNIERODE,,,Ponni Sugars (Erode) Limited
2010-03-04,113.5,120.5,113.5,119.6999969482422,97.01815032958984,4389,PONNIERODE,,,Ponni Sugars (Erode) Limited
2010-03-05,116.0,123.5,116.0,120.8000030517578,97.90970611572266,5487,PONNIERODE,,,Ponni Sugars (Erode) Limited
2010-03-08,115.0,123.0,115.0,121.1500015258789,98.19337463378906,12205,PONNIERODE,,,Ponni Sugars (Erode) Limited
2010-03-09,119.8000030517578,123.0,117.5,120.75,97.86917114257812,7336,PONNIERODE,,,Ponni Sugars (Erode) Limited
2010-03-10,113.9499969482422,122.4499969482422,113.9499969482422,115.1500015258789,93.33031463623048,14176,PONNIERODE,,,Ponni Sugars (Erode) Limited
2010-03-11,115.0,119.0,109.8000030517578,110.6500015258789,89.6830062866211,13488,PONNIERODE,,,Ponni Sugars (Erode) Limited
2010-03-12,103.1999969482422,113.0,102.9000015258789,103.6999969482422,84.04995727539062,24960,PONNIERODE,,,Ponni Sugars (Erode) Limited
2010-03-15,93.5,104.9499969482422,93.5,103.5,83.88786315917969,18697,PONNIERODE,,,Ponni Sugars (Erode) Limited
2010-03-16,98.0,106.9000015258789,98.0,105.3499984741211,85.38729095458984,22220,PONNIERODE,,,Ponni Sugars (Erode) Limited
2010-03-17,100.3499984741211,106.5,100.3499984741211,104.8499984741211,84.98204040527344,10705,PONNIERODE,,,Ponni Sugars (Erode) Limited
2010-03-18,100.0,104.9000015258789,100.0,103.1500015258789,83.60417938232422,11205,PONNIERODE,,,Ponni Sugars (Erode) Limited
2010-03-19,100.0,105.5,100.0,102.0,82.67208099365234,116610,PONNIERODE,,,Ponni Sugars (Erode) Limited
2010-03-22,98.1999969482422,102.9000015258789,98.1999969482422,100.0999984741211,81.13214111328125,59616,PONNIERODE,,,Ponni Sugars (Erode) Limited
2010-03-23,101.0,102.8000030517578,95.0999984741211,97.9000015258789,79.34900665283203,20525,PONNIERODE,,,Ponni Sugars (Erode) Limited
2010-03-25,102.0,102.0,95.0,96.5500030517578,78.25479888916016,16825,PONNIERODE,,,Ponni Sugars (Erode) Limited
2010-03-26,91.0,99.0,91.0,95.9000015258789,77.72798156738281,11327,PONNIERODE,,,Ponni Sugars (Erode) Limited
2010-03-29,92.0,96.9000015258789,91.5,92.4000015258789,74.89119720458984,6716,PONNIERODE,,,Ponni Sugars (Erode) Limited
2010-03-30,92.5,104.0,92.5,98.6500015258789,79.9568862915039,87516,PONNIERODE,,,Ponni Sugars (Erode) Limited
2010-03-31,94.0,108.75,94.0,107.1500015258789,86.84622955322266,41460,PONNIERODE,,,Ponni Sugars (Erode) Limited
2010-04-01,104.0,106.0,102.0,102.9499969482422,83.44206237792969,19651,PONNIERODE,,,Ponni Sugars (Erode) Limited
2010-04-05,99.0,107.0,99.0,106.3499984741211,86.19783020019531,37895,PONNIERODE,,,Ponni Sugars (Erode) Limited
2010-04-06,103.0,108.0,103.0,107.6500015258789,87.25147247314453,12446,PONNIERODE,,,Ponni Sugars (Erode) Limited
2010-04-07,104.0,112.0,104.0,108.0999984741211,87.61620330810547,22810,PONNIERODE,,,Ponni Sugars (Erode) Limited
2010-04-08,105.0,108.5,105.0,107.9499969482422,87.49464416503906,2142,PONNIERODE,,,Ponni Sugars (Erode) Limited
2010-04-09,104.0,110.75,104.0,108.4499969482422,87.89990234375,11875,PONNIERODE,,,Ponni Sugars (Erode) Limited
2010-04-12,103.0,110.0,103.0,109.1500015258789,88.46723937988281,1399,PONNIERODE,,,Ponni Sugars (Erode) Limited
2010-04-13,103.5999984741211,109.8000030517578,103.5999984741211,107.9000015258789,87.4541015625,3255,PONNIERODE,,,Ponni Sugars (Erode) Limited
2010-04-15,105.0,108.9000015258789,105.0,107.3499984741211,87.0083236694336,6068,PONNIERODE,,,Ponni Sugars (Erode) Limited
2010-04-16,104.25,109.0999984741211,104.25,105.3499984741211,85.38729095458984,7636,PONNIERODE,,,Ponni Sugars (Erode) Limited
2010-04-19,100.0,110.0999984741211,100.0,106.5500030517578,86.35992431640625,6079,PONNIERODE,,,Ponni Sugars (Erode) Limited
2010-04-20,102.0,108.0,102.0,104.1999969482422,84.45520782470703,22656,PONNIERODE,,,Ponni Sugars (Erode) Limited
2010-04-21,103.0,106.0500030517578,103.0,105.5500030517578,85.54940795898438,8683,PONNIERODE,,,Ponni Sugars (Erode) Limited
2010-04-22,100.25,107.5,100.25,105.1500015258789,85.2252197265625,14634,PONNIERODE,,,Ponni Sugars (Erode) Limited
2010-04-23,103.0,106.75,103.0,104.4499969482422,84.65782165527344,3609,PONNIERODE,,,Ponni Sugars (Erode) Limited
2010-04-26,103.0999984741211,106.0,103.0999984741211,105.5999984741211,85.58993530273438,6670,PONNIERODE,,,Ponni Sugars (Erode) Limited
2010-04-27,103.25,107.3000030517578,103.25,105.0,85.10362243652344,8348,PONNIERODE,,,Ponni Sugars (Erode) Limited
2010-04-28,103.0,104.4499969482422,103.0,103.5,83.88786315917969,3396,PONNIERODE,,,Ponni Sugars (Erode) Limited
2010-04-29,103.0,105.9499969482422,103.0,105.0,85.10362243652344,6210,PONNIERODE,,,Ponni Sugars (Erode) Limited
2010-04-30,103.0999984741211,108.9499969482422,103.0999984741211,106.75,86.52201080322266,10350,PONNIERODE,,,Ponni Sugars (Erode) Limited
2010-05-03,103.0,107.0,98.0,104.9499969482422,85.06309509277344,4804,PONNIERODE,,,Ponni Sugars (Erode) Limited
2010-05-04,103.5,105.0,102.0,102.8000030517578,83.32050323486328,32440,PONNIERODE,,,Ponni Sugars (Erode) Limited
2010-05-05,100.0,102.0,99.0,100.5999984741211,81.53736114501953,3732,PONNIERODE,,,Ponni Sugars (Erode) Limited
2010-05-06,93.0,102.4000015258789,93.0,101.5999984741211,82.34789276123047,1479,PONNIERODE,,,Ponni Sugars (Erode) Limited
2010-05-07,94.0999984741211,103.0,94.0999984741211,96.5500030517578,78.25479888916016,2372,PONNIERODE,,,Ponni Sugars (Erode) Limited
2010-05-10,94.5,97.4499969482422,94.5,95.1500015258789,77.1200942993164,2272,PONNIERODE,,,Ponni Sugars (Erode) Limited
2010-05-11,96.0,97.5,95.1500015258789,96.5,78.21427917480469,1898,PONNIERODE,,,Ponni Sugars (Erode) Limited
2010-05-12,95.0,98.5,95.0,95.0500030517578,77.03905487060547,6520,PONNIERODE,,,Ponni Sugars (Erode) Limited
2010-05-13,95.25,98.0,94.5500030517578,95.6500015258789,77.52534484863281,3062,PONNIERODE,,,Ponni Sugars (Erode) Limited
2010-05-14,92.6500015258789,94.5999984741211,92.6500015258789,94.0,76.1880111694336,3400,PONNIERODE,,,Ponni Sugars (Erode) Limited
2010-05-17,90.25,111.0,90.25,108.1500015258789,87.65673828125,30550,PONNIERODE,,,Ponni Sugars (Erode) Limited
2010-05-18,106.5,111.8499984741211,100.0,101.25,82.06421661376953,75244,PONNIERODE,,,Ponni Sugars (Erode) Limited
2010-05-19,94.0,102.5,94.0,96.1999969482422,77.97113037109375,11497,PONNIERODE,,,Ponni Sugars (Erode) Limited
2010-05-20,97.0,99.9499969482422,94.4000015258789,94.9000015258789,76.91746520996094,5519,PONNIERODE,,,Ponni Sugars (Erode) Limited
2010-05-21,90.0,94.25,88.0,91.75,74.3643569946289,3679,PONNIERODE,,,Ponni Sugars (Erode) Limited
2010-05-24,91.5999984741211,105.0,91.5999984741211,95.5500030517578,77.44429779052734,3610,PONNIERODE,,,Ponni Sugars (Erode) Limited
2010-05-25,91.9499969482422,94.5999984741211,91.9499969482422,93.5500030517578,75.82329559326172,1629,PONNIERODE,,,Ponni Sugars (Erode) Limited
2010-05-26,90.0,96.8000030517578,90.0,95.9499969482422,77.76850128173828,5374,PONNIERODE,,,Ponni Sugars (Erode) Limited
2010-05-27,94.5500030517578,97.0,93.5999984741211,96.1999969482422,77.97113037109375,1821,PONNIERODE,,,Ponni Sugars (Erode) Limited
2010-05-28,93.75,105.0,93.75,104.3000030517578,84.5362777709961,26816,PONNIERODE,,,Ponni Sugars (Erode) Limited
2010-05-31,106.3000030517578,107.0,101.0,101.5,82.26683807373047,10084,PONNIERODE,,,Ponni Sugars (Erode) Limited
2010-06-01,103.8499984741211,104.75,101.0,101.9000015258789,82.5910415649414,5353,PONNIERODE,,,Ponni Sugars (Erode) Limited
2010-06-02,102.0999984741211,103.6999969482422,101.5500030517578,102.0500030517578,82.71261596679688,3499,PONNIERODE,,,Ponni Sugars (Erode) Limited
2010-06-03,103.0,105.9000015258789,101.0,101.5,82.26683807373047,5257,PONNIERODE,,,Ponni Sugars (Erode) Limited
2010-06-04,96.9499969482422,106.5,96.9499969482422,101.9000015258789,82.5910415649414,21724,PONNIERODE,,,Ponni Sugars (Erode) Limited
2010-06-07,97.0999984741211,101.75,97.0999984741211,99.8499984741211,80.92948913574219,2817,PONNIERODE,,,Ponni Sugars (Erode) Limited
2010-06-08,93.0,101.0,92.9499969482422,98.9499969482422,80.20003509521484,2464,PONNIERODE,,,Ponni Sugars (Erode) Limited
2010-06-09,95.0999984741211,100.9000015258789,95.0999984741211,99.5999984741211,80.72686767578125,2632,PONNIERODE,,,Ponni Sugars (Erode) Limited
2010-06-10,96.0999984741211,100.75,96.0999984741211,98.6999969482422,79.9974136352539,985,PONNIERODE,,,Ponni Sugars (Erode) Limited
2010-06-11,99.0999984741211,108.0,98.6500015258789,100.6999969482422,81.61842346191406,59733,PONNIERODE,,,Ponni Sugars (Erode) Limited
2010-06-14,95.0,102.0,95.0,101.0,81.86158752441406,3998,PONNIERODE,,,Ponni Sugars (Erode) Limited
2010-06-15,97.0999984741211,104.6999969482422,97.0999984741211,102.5,83.07735443115234,24852,PONNIERODE,,,Ponni Sugars (Erode) Limited
2010-06-16,102.0,103.9000015258789,102.0,103.0999984741211,83.56365203857422,2636,PONNIERODE,,,Ponni Sugars (Erode) Limited
2010-06-17,97.25,103.3499984741211,97.25,102.0999984741211,82.75313568115234,10548,PONNIERODE,,,Ponni Sugars (Erode) Limited
2010-06-18,97.25,102.9499969482422,97.25,99.3000030517578,80.48371124267578,10883,PONNIERODE,,,Ponni Sugars (Erode) Limited
2010-06-21,98.1999969482422,102.0,98.1999969482422,100.1999969482422,81.21318054199219,1598,PONNIERODE,,,Ponni Sugars (Erode) Limited
2010-06-22,101.5,101.5,98.8000030517578,99.8000030517578,80.88896942138672,1400,PONNIERODE,,,Ponni Sugars (Erode) Limited
2010-06-23,95.5999984741211,102.5,95.5999984741211,99.1999969482422,80.40266418457031,8863,PONNIERODE,,,Ponni Sugars (Erode) Limited
2010-06-24,96.0999984741211,100.9499969482422,96.0999984741211,100.3000030517578,81.2942123413086,3365,PONNIERODE,,,Ponni Sugars (Erode) Limited
2010-06-25,95.5999984741211,102.0,95.5999984741211,100.4000015258789,81.37525939941406,18603,PONNIERODE,,,Ponni Sugars (Erode) Limited
2010-06-28,100.0,108.0,100.0,104.5,84.69837188720703,27595,PONNIERODE,,,Ponni Sugars (Erode) Limited
2010-06-29,105.0,109.5,105.0,105.9499969482422,85.87361907958984,19493,PONNIERODE,,,Ponni Sugars (Erode) Limited
2010-06-30,105.0,114.0,105.0,109.3499984741211,88.62934112548828,43780,PONNIERODE,,,Ponni Sugars (Erode) Limited
2010-07-01,105.0,111.4000015258789,105.0,110.0500030517578,89.19671630859375,11345,PONNIERODE,,,Ponni Sugars (Erode) Limited
2010-07-02,108.0,112.3000030517578,108.0,109.8000030517578,88.99408721923828,16700,PONNIERODE,,,Ponni Sugars (Erode) Limited
2010-07-05,105.0,111.0,105.0,109.25,88.54830169677734,6956,PONNIERODE,,,Ponni Sugars (Erode) Limited
2010-07-06,105.25,111.0,105.25,109.8000030517578,88.99408721923828,3716,PONNIERODE,,,Ponni Sugars (Erode) Limited
2010-07-07,108.0,111.0,108.0,109.4499969482422,88.71039581298828,4819,PONNIERODE,,,Ponni Sugars (Erode) Limited
2010-07-08,109.25,112.75,108.25,109.0500030517578,88.38619232177734,8735,PONNIERODE,,,Ponni Sugars (Erode) Limited
2010-07-09,108.5,116.0,108.5,114.0999984741211,92.47927856445312,32745,PONNIERODE,,,Ponni Sugars (Erode) Limited
2010-07-12,115.0,119.75,115.0,116.6500015258789,94.54608154296876,18986,PONNIERODE,,,Ponni Sugars (Erode) Limited
2010-07-13,115.5,116.0,112.5999984741211,112.75,94.62999725341795,17718,PONNIERODE,,,Ponni Sugars (Erode) Limited
2010-07-14,115.0,115.0,110.5,111.3499984741211,93.45501708984376,4204,PONNIERODE,,,Ponni Sugars (Erode) Limited
2010-07-15,110.0,112.9499969482422,107.1999969482422,108.1500015258789,90.7692642211914,4351,PONNIERODE,,,Ponni Sugars (Erode) Limited
2010-07-16,107.1999969482422,110.5999984741211,107.1999969482422,107.8000030517578,90.47550964355467,5811,PONNIERODE,,,Ponni Sugars (Erode) Limited
2010-07-19,106.6500015258789,109.8499984741211,106.5999984741211,108.1999969482422,90.81124114990234,7454,PONNIERODE,,,Ponni Sugars (Erode) Limited
2010-07-20,107.3499984741211,109.6999969482422,107.3499984741211,108.0500030517578,90.68533325195312,2063,PONNIERODE,,,Ponni Sugars (Erode) Limited
2010-07-21,112.0,115.9499969482422,108.6500015258789,109.3499984741211,91.7764129638672,4998,PONNIERODE,,,Ponni Sugars (Erode) Limited
2010-07-22,107.0,113.75,105.1999969482422,109.6500015258789,92.02819061279295,14535,PONNIERODE,,,Ponni Sugars (Erode) Limited
2010-07-23,111.0,111.0,107.0,108.1999969482422,90.81124114990234,17102,PONNIERODE,,,Ponni Sugars (Erode) Limited
2010-07-26,108.0,109.5999984741211,107.0,107.8499984741211,90.51749420166016,3324,PONNIERODE,,,Ponni Sugars (Erode) Limited
2010-07-27,107.3499984741211,108.0,105.5,105.6500015258789,88.67105102539062,3318,PONNIERODE,,,Ponni Sugars (Erode) Limited
2010-07-28,105.6999969482422,108.6999969482422,105.0,105.6500015258789,88.67105102539062,1837,PONNIERODE,,,Ponni Sugars (Erode) Limited
2010-07-29,103.4000015258789,106.8000030517578,103.0,103.3000030517578,86.69871520996094,2581,PONNIERODE,,,Ponni Sugars (Erode) Limited
2010-07-30,104.25,105.4499969482422,103.0,103.0,86.44692993164062,3073,PONNIERODE,,,Ponni Sugars (Erode) Limited
2010-08-02,101.5,105.0,101.5,103.5999984741211,86.95049285888672,1442,PONNIERODE,,,Ponni Sugars (Erode) Limited
2010-08-03,102.5,110.0,101.0500030517578,104.5,87.70587158203125,5223,PONNIERODE,,,Ponni Sugars (Erode) Limited
2010-08-04,103.0500030517578,105.8499984741211,103.0500030517578,105.0500030517578,88.1674575805664,5238,PONNIERODE,,,Ponni Sugars (Erode) Limited
2010-08-05,103.0999984741211,107.0,103.0999984741211,106.5500030517578,89.42640686035156,12058,PONNIERODE,,,Ponni Sugars (Erode) Limited
2010-08-06,104.3499984741211,110.8499984741211,104.3499984741211,110.0999984741211,92.40587615966795,463667,PONNIERODE,,,Ponni Sugars (Erode) Limited
2010-08-09,111.3000030517578,115.5,109.0999984741211,111.5500030517578,93.62286376953124,35866,PONNIERODE,,,Ponni Sugars (Erode) Limited
2010-08-10,114.3000030517578,114.3000030517578,109.25,111.6999969482422,93.74876403808594,6723,PONNIERODE,,,Ponni Sugars (Erode) Limited
2010-08-11,113.9000015258789,118.5999984741211,108.0500030517578,109.8000030517578,92.15410614013672,13448,PONNIERODE,,,Ponni Sugars (Erode) Limited
2010-08-12,108.0,111.5,108.0,109.5,91.90230560302734,7010,PONNIERODE,,,Ponni Sugars (Erode) Limited
2010-08-13,108.0,111.1500015258789,108.0,110.1500015258789,92.44786071777344,5761,PONNIERODE,,,Ponni Sugars (Erode) Limited
2010-08-16,109.0999984741211,113.0,109.0999984741211,111.5500030517578,93.62286376953124,7797,PONNIERODE,,,Ponni Sugars (Erode) Limited
2010-08-17,112.9000015258789,112.9000015258789,108.0,109.0,91.482666015625,4867,PONNIERODE,,,Ponni Sugars (Erode) Limited
2010-08-18,109.25,111.3000030517578,108.5999984741211,109.8499984741211,92.19606018066406,71215,PONNIERODE,,,Ponni Sugars (Erode) Limited
2010-08-19,109.0500030517578,110.0,108.0,109.0999984741211,91.56659698486328,4706,PONNIERODE,,,Ponni Sugars (Erode) Limited
2010-08-20,108.5500030517578,109.9000015258789,108.3000030517578,109.0,91.482666015625,3772,PONNIERODE,,,Ponni Sugars (Erode) Limited
2010-08-23,110.8000030517578,110.8000030517578,107.5,109.1500015258789,91.60856628417967,2500,PONNIERODE,,,Ponni Sugars (Erode) Limited
2010-08-24,108.0,109.8000030517578,108.0,108.1500015258789,90.7692642211914,4029,PONNIERODE,,,Ponni Sugars (Erode) Limited
2010-08-25,109.6999969482422,109.6999969482422,107.5,108.5,91.06301879882812,2494,PONNIERODE,,,Ponni Sugars (Erode) Limited
2010-08-26,107.3000030517578,108.4000015258789,107.0,107.25,90.01390075683594,1230,PONNIERODE,,,Ponni Sugars (Erode) Limited
2010-08-27,105.8000030517578,107.5,105.0500030517578,106.0999984741211,89.04873657226562,4535,PONNIERODE,,,Ponni Sugars (Erode) Limited
2010-08-30,106.0500030517578,106.0500030517578,103.0,103.5500030517578,86.90853118896484,28218,PONNIERODE,,,Ponni Sugars (Erode) Limited
2010-08-31,107.1999969482422,107.1999969482422,104.0,105.0999984741211,88.20941925048828,7045,PONNIERODE,,,Ponni Sugars (Erode) Limited
2010-09-01,105.0999984741211,107.5,105.0,107.0500030517578,89.84605407714844,767,PONNIERODE,,,Ponni Sugars (Erode) Limited
2010-09-02,107.0,113.4499969482422,105.4000015258789,109.6999969482422,92.0701675415039,57926,PONNIERODE,,,Ponni Sugars (Erode) Limited
2010-09-03,112.0,112.0,108.0,109.0500030517578,91.52462768554688,9739,PONNIERODE,,,Ponni Sugars (Erode) Limited
2010-09-06,110.0,111.0,107.5,108.4499969482422,91.02104949951172,6187,PONNIERODE,,,Ponni Sugars (Erode) Limited
2010-09-07,110.8000030517578,111.0,107.0,109.1500015258789,91.60856628417967,19628,PONNIERODE,,,Ponni Sugars (Erode) Limited
2010-09-08,109.1500015258789,113.4000015258789,109.0,110.0999984741211,92.40587615966795,37417,PONNIERODE,,,Ponni Sugars (Erode) Limited
2010-09-09,111.0,112.0,109.0500030517578,110.0999984741211,92.40587615966795,14265,PONNIERODE,,,Ponni Sugars (Erode) Limited
2010-09-13,111.0,112.0,108.25,108.5999984741211,91.14695739746094,5453,PONNIERODE,,,Ponni Sugars (Erode) Limited
2010-09-14,110.5,110.5,108.6999969482422,108.9499969482422,91.44070434570312,7363,PONNIERODE,,,Ponni Sugars (Erode) Limited
2010-09-15,110.0,114.0,102.3499984741211,112.75,94.62999725341795,22506,PONNIERODE,,,Ponni Sugars (Erode) Limited
2010-09-16,111.0,112.4000015258789,108.0,108.5,91.06301879882812,10071,PONNIERODE,,,Ponni Sugars (Erode) Limited
2010-09-17,111.0,113.6999969482422,109.3499984741211,110.5,92.7416000366211,144968,PONNIERODE,,,Ponni Sugars (Erode) Limited
2010-09-20,110.1999969482422,116.0,110.1999969482422,113.1500015258789,94.96573638916016,60096,PONNIERODE,,,Ponni Sugars (Erode) Limited
2010-09-21,114.5999984741211,115.5,110.0999984741211,110.9000015258789,93.07733154296876,14062,PONNIERODE,,,Ponni Sugars (Erode) Limited
2010-09-22,110.0,111.5,107.6999969482422,108.3000030517578,90.89515686035156,8892,PONNIERODE,,,Ponni Sugars (Erode) Limited
2010-09-23,110.5,110.5,107.0500030517578,107.3499984741211,90.09783172607422,5454,PONNIERODE,,,Ponni Sugars (Erode) Limited
2010-09-24,110.0999984741211,110.0999984741211,108.0999984741211,108.6500015258789,91.18892669677734,4174,PONNIERODE,,,Ponni Sugars (Erode) Limited
2010-09-27,108.5,114.5,108.5,112.8000030517578,94.67198944091795,20971,PONNIERODE,,,Ponni Sugars (Erode) Limited
2010-09-28,112.75,115.5,112.0,113.5,95.25946807861328,10297,PONNIERODE,,,Ponni Sugars (Erode) Limited
2010-09-29,113.8000030517578,113.8000030517578,109.5999984741211,110.3000030517578,92.57374572753906,5104,PONNIERODE,,,Ponni Sugars (Erode) Limited
2010-09-30,113.5,115.0999984741211,111.3000030517578,114.4499969482422,96.05680084228516,18100,PONNIERODE,,,Ponni Sugars (Erode) Limited
2010-10-01,114.5,119.3499984741211,111.4000015258789,113.1999969482422,95.00768280029295,65329,PONNIERODE,,,Ponni Sugars (Erode) Limited
2010-10-04,113.4499969482422,116.8000030517578,113.4499969482422,114.6999969482422,96.2666244506836,7452,PONNIERODE,,,Ponni Sugars (Erode) Limited
2010-10-05,113.0,115.5,111.25,113.5999984741211,95.3434066772461,4130,PONNIERODE,,,Ponni Sugars (Erode) Limited
2010-10-06,112.5500030517578,113.9499969482422,112.0,112.5999984741211,94.5041046142578,1625,PONNIERODE,,,Ponni Sugars (Erode) Limited
2010-10-07,111.1500015258789,114.9000015258789,110.1500015258789,111.6999969482422,93.74876403808594,7555,PONNIERODE,,,Ponni Sugars (Erode) Limited
2010-10-08,112.0500030517578,114.9000015258789,110.5,111.1999969482422,93.32910919189452,5694,PONNIERODE,,,Ponni Sugars (Erode) Limited
2010-10-11,113.0,128.5,112.3000030517578,122.75,103.02291107177734,307121,PONNIERODE,,,Ponni Sugars (Erode) Limited
2010-10-12,124.0500030517578,124.4000015258789,120.6999969482422,122.0,102.39344787597656,62850,PONNIERODE,,,Ponni Sugars (Erode) Limited
2010-10-13,122.0,124.0,120.0,123.0500030517578,103.2747039794922,19321,PONNIERODE,,,Ponni Sugars (Erode) Limited
2010-10-14,124.4000015258789,124.4000015258789,117.0999984741211,119.0,99.87556457519533,16481,PONNIERODE,,,Ponni Sugars (Erode) Limited
2010-10-15,119.8000030517578,121.25,112.9499969482422,115.8000030517578,97.1898422241211,16141,PONNIERODE,,,Ponni Sugars (Erode) Limited
2010-10-18,118.0,119.8000030517578,111.5,115.25,96.72823333740234,17914,PONNIERODE,,,Ponni Sugars (Erode) Limited
2010-10-19,115.0,118.5,115.0,115.75,97.14788818359376,6117,PONNIERODE,,,Ponni Sugars (Erode) Limited
2010-10-20,115.0,120.6999969482422,115.0,118.6500015258789,99.58181762695312,21545,PONNIERODE,,,Ponni Sugars (Erode) Limited
2010-10-21,119.5,120.0,116.5500030517578,118.0999984741211,99.12018585205078,3711,PONNIERODE,,,Ponni Sugars (Erode) Limited
2010-10-22,119.0,120.5500030517578,117.0,118.1999969482422,99.2041473388672,8024,PONNIERODE,,,Ponni Sugars (Erode) Limited
2010-10-25,119.0,120.5,115.0,118.9000015258789,99.79164123535156,5953,PONNIERODE,,,Ponni Sugars (Erode) Limited
2010-10-26,119.0,121.4000015258789,116.5,117.0500030517578,98.2389678955078,13573,PONNIERODE,,,Ponni Sugars (Erode) Limited
2010-10-27,118.0,127.6999969482422,118.0,121.0,101.5541534423828,60649,PONNIERODE,,,Ponni Sugars (Erode) Limited
2010-10-28,122.25,125.5,121.5,122.3000030517578,102.64522552490234,17150,PONNIERODE,,,Ponni Sugars (Erode) Limited
2010-10-29,122.0,125.5,120.75,121.0,101.5541534423828,8196,PONNIERODE,,,Ponni Sugars (Erode) Limited
2010-11-01,125.0,125.0,121.0999984741211,122.9499969482422,103.19076538085938,9626,PONNIERODE,,,Ponni Sugars (Erode) Limited
2010-11-02,124.6999969482422,124.6999969482422,120.0500030517578,121.9000015258789,102.30950927734376,5317,PONNIERODE,,,Ponni Sugars (Erode) Limited
2010-11-03,121.3000030517578,127.5,121.3000030517578,125.0999984741211,104.99523162841795,23980,PONNIERODE,,,Ponni Sugars (Erode) Limited
2010-11-04,126.8000030517578,126.8000030517578,124.0,125.4499969482422,105.28900146484376,9999,PONNIERODE,,,Ponni Sugars (Erode) Limited
2010-11-08,127.4000015258789,140.6999969482422,126.5999984741211,136.39999389648438,114.4792251586914,163502,PONNIERODE,,,Ponni Sugars (Erode) Limited
2010-11-09,138.0,140.6999969482422,135.75,136.5500030517578,114.60513305664062,36785,PONNIERODE,,,Ponni Sugars (Erode) Limited
2010-11-10,136.5,141.75,132.39999389648438,139.39999389648438,116.99708557128906,56661,PONNIERODE,,,Ponni Sugars (Erode) Limited
2010-11-11,140.0,142.8000030517578,135.5,137.25,115.19261169433594,17192,PONNIERODE,,,Ponni Sugars (Erode) Limited
2010-11-12,139.0,139.0,124.0,125.25,105.12112426757812,38734,PONNIERODE,,,Ponni Sugars (Erode) Limited
2010-11-15,122.5,126.9000015258789,117.1500015258789,123.0999984741211,103.31666564941406,21879,PONNIERODE,,,Ponni Sugars (Erode) Limited
2010-11-16,120.0,126.5,117.5,119.0,99.87556457519533,11978,PONNIERODE,,,Ponni Sugars (Erode) Limited
2010-11-18,120.0500030517578,124.5,118.5,119.75,100.50504302978516,29816,PONNIERODE,,,Ponni Sugars (Erode) Limited
2010-11-19,116.75,121.0,116.75,118.6500015258789,99.58181762695312,7838,PONNIERODE,,,Ponni Sugars (Erode) Limited
2010-11-22,117.0,123.0,117.0,119.5,100.29521942138672,5761,PONNIERODE,,,Ponni Sugars (Erode) Limited
2010-11-23,120.0,120.0,114.0999984741211,117.1999969482422,98.36485290527344,2964,PONNIERODE,,,Ponni Sugars (Erode) Limited
2010-11-24,115.0500030517578,119.8000030517578,114.0,115.8000030517578,97.1898422241211,5242,PONNIERODE,,,Ponni Sugars (Erode) Limited
2010-11-25,115.0999984741211,119.8000030517578,111.6500015258789,115.6999969482422,97.1059112548828,5240,PONNIERODE,,,Ponni Sugars (Erode) Limited
2010-11-26,115.5,116.0,102.6999969482422,111.9499969482422,93.95856475830078,7314,PONNIERODE,,,Ponni Sugars (Erode) Limited
2010-11-29,113.5,113.5,107.6500015258789,112.0,94.00054931640624,10294,PONNIERODE,,,Ponni Sugars (Erode) Limited
2010-11-30,111.25,116.4000015258789,111.25,115.4000015258789,96.8541259765625,2454,PONNIERODE,,,Ponni Sugars (Erode) Limited
2010-12-01,118.0,121.0,114.0,118.8499984741211,99.74967956542967,8555,PONNIERODE,,,Ponni Sugars (Erode) Limited
2010-12-02,119.0999984741211,127.0,119.0999984741211,121.9000015258789,102.30950927734376,11211,PONNIERODE,,,Ponni Sugars (Erode) Limited
2010-12-03,121.9000015258789,123.0,115.25,119.5999984741211,100.37913513183594,11385,PONNIERODE,,,Ponni Sugars (Erode) Limited
2010-12-06,119.4499969482422,123.5,115.5,117.5,98.61664581298828,12894,PONNIERODE,,,Ponni Sugars (Erode) Limited
2010-12-07,120.8499984741211,120.8499984741211,115.0500030517578,115.5,96.93807220458984,3291,PONNIERODE,,,Ponni Sugars (Erode) Limited
2010-12-08,116.0,117.4000015258789,111.9000015258789,112.1999969482422,94.16838836669922,4905,PONNIERODE,,,Ponni Sugars (Erode) Limited
2010-12-09,110.0999984741211,113.8499984741211,103.3499984741211,105.5,88.54513549804688,5687,PONNIERODE,,,Ponni Sugars (Erode) Limited
2010-12-10,105.0500030517578,111.9000015258789,105.0500030517578,108.0,90.64337158203124,4524,PONNIERODE,,,Ponni Sugars (Erode) Limited
2010-12-13,104.0,113.0,104.0,110.0,92.32196044921876,9688,PONNIERODE,,,Ponni Sugars (Erode) Limited
2010-12-14,109.5,115.0,109.5,112.0999984741211,94.08448028564452,7263,PONNIERODE,,,Ponni Sugars (Erode) Limited
2010-12-15,109.0,114.0,108.3000030517578,109.1500015258789,91.60856628417967,3553,PONNIERODE,,,Ponni Sugars (Erode) Limited
2010-12-16,113.9000015258789,116.9499969482422,112.0,115.1500015258789,96.64430236816406,14165,PONNIERODE,,,Ponni Sugars (Erode) Limited
2010-12-20,114.75,117.9499969482422,114.75,116.3000030517578,97.6094970703125,3769,PONNIERODE,,,Ponni Sugars (Erode) Limited
2010-12-21,115.0,117.5500030517578,113.75,116.3499984741211,97.65145874023438,9050,PONNIERODE,,,Ponni Sugars (Erode) Limited
2010-12-22,117.9000015258789,130.0,117.0999984741211,125.75,105.54078674316406,49301,PONNIERODE,,,Ponni Sugars (Erode) Limited
2010-12-23,124.0,130.0,123.5500030517578,124.9499969482422,104.86933135986328,62128,PONNIERODE,,,Ponni Sugars (Erode) Limited
2010-12-24,123.0,127.9499969482422,123.0,127.3000030517578,106.84168243408205,20636,PONNIERODE,,,Ponni Sugars (Erode) Limited
2010-12-27,127.9000015258789,132.75,125.0,128.75,108.05864715576172,41476,PONNIERODE,,,Ponni Sugars (Erode) Limited
2010-12-28,127.5,133.8000030517578,127.0,128.6999969482422,108.01669311523438,20591,PONNIERODE,,,Ponni Sugars (Erode) Limited
2010-12-29,125.0,130.5,125.0,129.35000610351562,108.56224060058594,5278,PONNIERODE,,,Ponni Sugars (Erode) Limited
2010-12-30,128.64999389648438,129.9499969482422,127.1500015258789,127.5500030517578,107.05150604248048,2965,PONNIERODE,,,Ponni Sugars (Erode) Limited
2010-12-31,126.5,130.0,126.0,129.0500030517578,108.31043243408205,6814,PONNIERODE,,,Ponni Sugars (Erode) Limited
2011-01-03,128.0,131.35000610351562,128.0,129.14999389648438,108.39437103271484,7878,PONNIERODE,,,Ponni Sugars (Erode) Limited
2011-01-04,129.14999389648438,131.5,128.85000610351562,130.39999389648438,109.44347381591795,29094,PONNIERODE,,,Ponni Sugars (Erode) Limited
2011-01-05,130.0,131.0,127.0,128.60000610351562,107.93276977539062,6346,PONNIERODE,,,Ponni Sugars (Erode) Limited
2011-01-06,125.0500030517578,128.0,123.0500030517578,123.8499984741211,103.94612884521484,3474,PONNIERODE,,,Ponni Sugars (Erode) Limited
2011-01-07,120.0500030517578,123.0,117.3000030517578,118.1500015258789,99.16218566894533,6153,PONNIERODE,,,Ponni Sugars (Erode) Limited
2011-01-10,115.0,117.0,111.5500030517578,113.4499969482422,95.21751403808594,8438,PONNIERODE,,,Ponni Sugars (Erode) Limited
2011-01-11,111.0,116.8499984741211,111.0,114.4499969482422,96.05680084228516,5130,PONNIERODE,,,Ponni Sugars (Erode) Limited
2011-01-12,111.25,118.6500015258789,111.0,115.75,97.14788818359376,2867,PONNIERODE,,,Ponni Sugars (Erode) Limited
2011-01-13,116.0,118.9000015258789,113.0,114.8000030517578,96.35055541992188,4535,PONNIERODE,,,Ponni Sugars (Erode) Limited
2011-01-14,111.0500030517578,116.0,111.0500030517578,112.25,94.21035766601562,1801,PONNIERODE,,,Ponni Sugars (Erode) Limited
2011-01-17,110.3000030517578,118.0,110.0,111.25,93.37107849121094,4173,PONNIERODE,,,Ponni Sugars (Erode) Limited
2011-01-18,110.0999984741211,112.9000015258789,108.0500030517578,109.5999984741211,91.98623657226562,2688,PONNIERODE,,,Ponni Sugars (Erode) Limited
2011-01-19,107.0500030517578,112.4000015258789,105.0,107.5500030517578,90.26568603515624,3105,PONNIERODE,,,Ponni Sugars (Erode) Limited
2011-01-20,105.1500015258789,109.0,105.1500015258789,108.3000030517578,90.89515686035156,2222,PONNIERODE,,,Ponni Sugars (Erode) Limited
2011-01-21,106.0,114.0,106.0,110.9000015258789,93.07733154296876,5109,PONNIERODE,,,Ponni Sugars (Erode) Limited
2011-01-24,107.0999984741211,113.0,107.0999984741211,111.5500030517578,93.62286376953124,2233,PONNIERODE,,,Ponni Sugars (Erode) Limited
2011-01-25,111.0,112.5,108.1500015258789,110.0,92.32196044921876,2393,PONNIERODE,,,Ponni Sugars (Erode) Limited
2011-01-27,111.6500015258789,111.9000015258789,107.1500015258789,107.75,90.4335479736328,990,PONNIERODE,,,Ponni Sugars (Erode) Limited
2011-01-28,111.9000015258789,111.9000015258789,100.0,101.1999969482422,84.93619537353516,3636,PONNIERODE,,,Ponni Sugars (Erode) Limited
2011-01-31,101.0,102.0,95.5500030517578,100.9000015258789,84.68440246582031,2661,PONNIERODE,,,Ponni Sugars (Erode) Limited
2011-02-01,98.8499984741211,101.9499969482422,98.8499984741211,99.1500015258789,83.21565246582031,969,PONNIERODE,,,Ponni Sugars (Erode) Limited
2011-02-02,100.0,102.0,99.0,100.5500030517578,84.39065551757812,3098,PONNIERODE,,,Ponni Sugars (Erode) Limited
2011-02-03,102.0,103.0,96.5,100.1500015258789,84.0549545288086,12273,PONNIERODE,,,Ponni Sugars (Erode) Limited
2011-02-04,102.5,104.0,99.5500030517578,100.0999984741211,84.01296997070312,3204,PONNIERODE,,,Ponni Sugars (Erode) Limited
2011-02-07,101.0,103.5,98.0,98.9499969482422,83.04779052734375,2202,PONNIERODE,,,Ponni Sugars (Erode) Limited
2011-02-08,98.9000015258789,99.0,96.0,96.3000030517578,80.82369232177734,1438,PONNIERODE,,,Ponni Sugars (Erode) Limited
2011-02-09,95.0999984741211,95.8499984741211,93.0,93.5,78.47367095947266,3360,PONNIERODE,,,Ponni Sugars (Erode) Limited
2011-02-10,95.0,95.0,87.0,90.1999969482422,75.7040023803711,4863,PONNIERODE,,,Ponni Sugars (Erode) Limited
2011-02-11,91.0500030517578,92.9000015258789,88.0999984741211,90.6500015258789,76.0816879272461,3629,PONNIERODE,,,Ponni Sugars (Erode) Limited
2011-02-14,92.9000015258789,95.0,92.0,92.8000030517578,77.88616943359375,4060,PONNIERODE,,,Ponni Sugars (Erode) Limited
2011-02-15,93.1999969482422,97.0,93.1999969482422,94.5500030517578,79.35493469238281,849,PONNIERODE,,,Ponni Sugars (Erode) Limited
2011-02-16,92.0500030517578,96.5999984741211,92.0500030517578,94.25,79.10314178466797,506,PONNIERODE,,,Ponni Sugars (Erode) Limited
2011-02-17,92.3000030517578,96.0,92.3000030517578,93.0500030517578,78.09599304199219,1356,PONNIERODE,,,Ponni Sugars (Erode) Limited
2011-02-18,92.25,94.5,92.25,93.0500030517578,78.09599304199219,2927,PONNIERODE,,,Ponni Sugars (Erode) Limited
2011-02-21,95.9499969482422,95.9499969482422,90.4000015258789,93.75,78.68347930908203,884,PONNIERODE,,,Ponni Sugars (Erode) Limited
2011-02-22,92.5,95.4499969482422,91.0500030517578,95.25,79.94242095947266,204,PONNIERODE,,,Ponni Sugars (Erode) Limited
2011-02-23,92.5,94.0999984741211,91.0,91.0,76.37543487548828,1251,PONNIERODE,,,Ponni Sugars (Erode) Limited
2011-02-24,89.0,92.5,87.0,87.69999694824219,73.60578155517578,2421,PONNIERODE,,,Ponni Sugars (Erode) Limited
2011-02-25,89.9000015258789,89.9000015258789,85.1500015258789,85.8499984741211,72.05308532714844,2979,PONNIERODE,,,Ponni Sugars (Erode) Limited
2011-02-28,85.1500015258789,87.9000015258789,84.0,86.05000305175781,72.220947265625,1141,PONNIERODE,,,Ponni Sugars (Erode) Limited
2011-03-01,82.0,91.9499969482422,82.0,90.0,75.53614807128906,1967,PONNIERODE,,,Ponni Sugars (Erode) Limited
2011-03-03,91.5,94.0,88.3499984741211,93.0500030517578,78.09599304199219,1522,PONNIERODE,,,Ponni Sugars (Erode) Limited
2011-03-04,93.0,93.0,89.0,89.80000305175781,75.36829376220703,1566,PONNIERODE,,,Ponni Sugars (Erode) Limited
2011-03-07,89.0,89.5,87.05000305175781,87.9000015258789,73.77363586425781,3157,PONNIERODE,,,Ponni Sugars (Erode) Limited
2011-03-08,87.05000305175781,90.9499969482422,87.05000305175781,89.0,74.69685363769531,2260,PONNIERODE,,,Ponni Sugars (Erode) Limited
2011-03-09,90.0999984741211,92.9499969482422,90.0999984741211,91.9499969482422,77.17277526855469,722,PONNIERODE,,,Ponni Sugars (Erode) Limited
2011-03-10,91.5,91.5,87.0999984741211,90.3499984741211,75.82990264892578,2024,PONNIERODE,,,Ponni Sugars (Erode) Limited
2011-03-11,90.0,91.0999984741211,90.0,90.75,76.16561126708984,1784,PONNIERODE,,,Ponni Sugars (Erode) Limited
2011-03-14,87.0,91.5999984741211,87.0,90.6500015258789,76.0816879272461,6914,PONNIERODE,,,Ponni Sugars (Erode) Limited
2011-03-15,88.0999984741211,95.0,88.0999984741211,92.5999984741211,77.71830749511719,3296,PONNIERODE,,,Ponni Sugars (Erode) Limited
2011-03-16,93.1999969482422,93.1999969482422,91.5,92.1999969482422,77.38258361816406,424,PONNIERODE,,,Ponni Sugars (Erode) Limited
2011-03-17,92.3000030517578,93.0,89.19999694824219,92.0500030517578,77.25669860839844,2769,PONNIERODE,,,Ponni Sugars (Erode) Limited
2011-03-18,92.4000015258789,92.5,92.0,92.3000030517578,77.46652221679688,1193,PONNIERODE,,,Ponni Sugars (Erode) Limited
2011-03-21,92.75,92.75,92.1500015258789,92.4000015258789,77.55044555664062,1408,PONNIERODE,,,Ponni Sugars (Erode) Limited
2011-03-22,94.0,95.5500030517578,93.0,93.75,78.68347930908203,3929,PONNIERODE,,,Ponni Sugars (Erode) Limited
2011-03-23,95.0,97.5,94.4000015258789,94.8499984741211,79.6067123413086,8363,PONNIERODE,,,Ponni Sugars (Erode) Limited
2011-03-24,94.0,95.4000015258789,93.5,93.5,78.47367095947266,1456,PONNIERODE,,,Ponni Sugars (Erode) Limited
2011-03-25,94.0,94.6999969482422,94.0,94.4000015258789,79.2290267944336,1018,PONNIERODE,,,Ponni Sugars (Erode) Limited
2011-03-28,93.5500030517578,93.6500015258789,90.4000015258789,92.4000015258789,77.55044555664062,3420,PONNIERODE,,,Ponni Sugars (Erode) Limited
2011-03-29,92.5500030517578,93.75,92.5500030517578,93.0,78.05402374267578,315,PONNIERODE,,,Ponni Sugars (Erode) Limited
2011-03-30,93.0,94.1999969482422,93.0,94.0,78.89331817626953,1523,PONNIERODE,,,Ponni Sugars (Erode) Limited
2011-03-31,95.1999969482422,98.0,95.1999969482422,96.5,80.99153900146484,938,PONNIERODE,,,Ponni Sugars (Erode) Limited
2011-04-01,97.6999969482422,99.9000015258789,97.0,97.9000015258789,82.16654968261719,1490,PONNIERODE,,,Ponni Sugars (Erode) Limited
2011-04-04,98.9000015258789,99.0,96.75,97.9499969482422,82.20850372314453,221,PONNIERODE,,,Ponni Sugars (Erode) Limited
2011-04-05,98.5,98.5999984741211,95.0,96.5999984741211,81.07545471191406,7445,PONNIERODE,,,Ponni Sugars (Erode) Limited
2011-04-06,96.5999984741211,96.5999984741211,94.0,95.0,79.73261260986328,8964,PONNIERODE,,,Ponni Sugars (Erode) Limited
2011-04-07,95.0,95.3499984741211,93.25,94.1500015258789,79.01919555664062,33717,PONNIERODE,,,Ponni Sugars (Erode) Limited
2011-04-08,95.5,96.0,94.0,94.5,79.3129653930664,7050,PONNIERODE,,,Ponni Sugars (Erode) Limited
2011-04-11,94.0,95.0,93.3000030517578,94.0500030517578,78.9352798461914,20215,PONNIERODE,,,Ponni Sugars (Erode) Limited
2011-04-13,94.1999969482422,96.0,94.1500015258789,96.0,80.5718994140625,395,PONNIERODE,,,Ponni Sugars (Erode) Limited
2011-04-15,94.5,96.0,94.5,95.0500030517578,79.77455139160156,990,PONNIERODE,,,Ponni Sugars (Erode) Limited
2011-04-18,90.4000015258789,96.0,90.4000015258789,94.25,79.10314178466797,2604,PONNIERODE,,,Ponni Sugars (Erode) Limited
2011-04-19,94.5,95.4000015258789,94.0500030517578,94.5,79.3129653930664,5390,PONNIERODE,,,Ponni Sugars (Erode) Limited
2011-04-20,96.5,96.5,94.25,95.5999984741211,80.23617553710938,1149,PONNIERODE,,,Ponni Sugars (Erode) Limited
2011-04-21,94.5500030517578,96.0500030517578,94.3000030517578,95.8499984741211,80.44600677490234,1603,PONNIERODE,,,Ponni Sugars (Erode) Limited
2011-04-25,94.25,97.0,94.25,95.25,79.94242095947266,4011,PONNIERODE,,,Ponni Sugars (Erode) Limited
2011-04-26,95.0999984741211,96.5,95.0999984741211,95.3000030517578,79.9843978881836,2246,PONNIERODE,,,Ponni Sugars (Erode) Limited
2011-04-27,96.0,97.0,95.0999984741211,96.0,80.5718994140625,1130,PONNIERODE,,,Ponni Sugars (Erode) Limited
2011-04-28,95.4000015258789,96.5,95.25,96.5,80.99153900146484,2885,PONNIERODE,,,Ponni Sugars (Erode) Limited
2011-04-29,95.0500030517578,100.0,95.0500030517578,98.1999969482422,82.41832733154297,8501,PONNIERODE,,,Ponni Sugars (Erode) Limited
2011-05-02,97.0,100.4000015258789,96.5,99.3499984741211,83.38349914550781,2321,PONNIERODE,,,Ponni Sugars (Erode) Limited
2011-05-03,99.8499984741211,100.75,97.5500030517578,98.9499969482422,83.04779052734375,2283,PONNIERODE,,,Ponni Sugars (Erode) Limited
2011-05-04,97.0,100.0,96.0,99.5999984741211,83.59333038330078,1243,PONNIERODE,,,Ponni Sugars (Erode) Limited
2011-05-05,96.6500015258789,101.0,96.6500015258789,99.8000030517578,83.7612075805664,3278,PONNIERODE,,,Ponni Sugars (Erode) Limited
2011-05-06,99.0,99.9000015258789,97.0999984741211,98.25,82.46029663085938,512,PONNIERODE,,,Ponni Sugars (Erode) Limited
2011-05-09,99.6999969482422,100.5,97.5500030517578,100.5,84.34870147705078,2150,PONNIERODE,,,Ponni Sugars (Erode) Limited
2011-05-10,100.5,100.5,97.0500030517578,97.5999984741211,81.91474151611328,1489,PONNIERODE,,,Ponni Sugars (Erode) Limited
2011-05-11,97.5500030517578,98.0,97.5,97.5,81.83084106445312,602,PONNIERODE,,,Ponni Sugars (Erode) Limited
2011-05-12,97.0500030517578,97.0500030517578,95.5,96.0500030517578,80.61386108398438,2891,PONNIERODE,,,Ponni Sugars (Erode) Limited
2011-05-13,94.1999969482422,97.0,94.1999969482422,96.0,80.5718994140625,743,PONNIERODE,,,Ponni Sugars (Erode) Limited
2011-05-16,97.9000015258789,101.0999984741211,96.0500030517578,100.0500030517578,83.97100830078125,3370,PONNIERODE,,,Ponni Sugars (Erode) Limited
2011-05-17,99.9499969482422,100.0,97.75,98.75,82.87992858886719,13384,PONNIERODE,,,Ponni Sugars (Erode) Limited
2011-05-18,98.0500030517578,98.0500030517578,97.1500015258789,97.5,81.83084106445312,901,PONNIERODE,,,Ponni Sugars (Erode) Limited
2011-05-19,99.6999969482422,99.6999969482422,97.0,97.0,81.41117858886719,316,PONNIERODE,,,Ponni Sugars (Erode) Limited
2011-05-20,97.5,97.5,97.25,97.4000015258789,81.74690246582031,807,PONNIERODE,,,Ponni Sugars (Erode) Limited
2011-05-23,95.0500030517578,98.0,94.5500030517578,96.0999984741211,80.65583038330078,819,PONNIERODE,,,Ponni Sugars (Erode) Limited
2011-05-24,99.6999969482422,99.6999969482422,95.6500015258789,96.0,80.5718994140625,452,PONNIERODE,,,Ponni Sugars (Erode) Limited
2011-05-25,96.0500030517578,100.0,96.0,98.4000015258789,82.586181640625,2080,PONNIERODE,,,Ponni Sugars (Erode) Limited
2011-05-26,98.25,100.3000030517578,97.9499969482422,99.0,83.08977508544922,66078,PONNIERODE,,,Ponni Sugars (Erode) Limited
2011-05-27,99.0999984741211,101.9000015258789,98.0,98.0999984741211,82.33441162109375,2844,PONNIERODE,,,Ponni Sugars (Erode) Limited
2011-05-30,97.5,97.5,93.9000015258789,96.1999969482422,80.73973846435547,12592,PONNIERODE,,,Ponni Sugars (Erode) Limited
2011-05-31,95.25,96.0,95.0,95.5,80.15225219726562,467,PONNIERODE,,,Ponni Sugars (Erode) Limited
2011-06-01,99.0,99.0,95.25,98.0,82.25048065185547,1985,PONNIERODE,,,Ponni Sugars (Erode) Limited
2011-06-02,97.9499969482422,98.0,96.1999969482422,97.0,81.41117858886719,321,PONNIERODE,,,Ponni Sugars (Erode) Limited
2011-06-03,97.5,97.5,95.3499984741211,96.0999984741211,80.65583038330078,745,PONNIERODE,,,Ponni Sugars (Erode) Limited
2011-06-06,96.0999984741211,96.1500015258789,94.0500030517578,94.0500030517578,78.9352798461914,388,PONNIERODE,,,Ponni Sugars (Erode) Limited
2011-06-07,94.0500030517578,94.0500030517578,93.0999984741211,93.5500030517578,78.51564025878906,740,PONNIERODE,,,Ponni Sugars (Erode) Limited
2011-06-08,93.0,94.5,92.4000015258789,93.0999984741211,78.13795471191406,2065,PONNIERODE,,,Ponni Sugars (Erode) Limited
2011-06-09,94.6999969482422,96.9000015258789,92.5999984741211,94.75,79.52278137207031,421,PONNIERODE,,,Ponni Sugars (Erode) Limited
2011-06-10,94.0,94.0,92.0,92.5,77.63436889648438,1427,PONNIERODE,,,Ponni Sugars (Erode) Limited
2011-06-13,92.0,93.1999969482422,91.5,93.1999969482422,78.22187042236328,1198,PONNIERODE,,,Ponni Sugars (Erode) Limited
2011-06-14,93.0,93.3000030517578,92.5,93.1999969482422,78.22187042236328,3165,PONNIERODE,,,Ponni Sugars (Erode) Limited
2011-06-15,93.25,93.25,92.5999984741211,92.6500015258789,77.7602767944336,157,PONNIERODE,,,Ponni Sugars (Erode) Limited
2011-06-16,93.1999969482422,93.1999969482422,92.0,93.0,78.05402374267578,720,PONNIERODE,,,Ponni Sugars (Erode) Limited
2011-06-17,93.0,93.1500015258789,92.0,92.5500030517578,77.67633819580078,3007,PONNIERODE,,,Ponni Sugars (Erode) Limited
2011-06-20,92.6999969482422,92.6999969482422,91.0,92.4000015258789,77.55044555664062,109,PONNIERODE,,,Ponni Sugars (Erode) Limited
2011-06-21,90.0,91.0,88.0,90.1500015258789,75.66204833984375,689,PONNIERODE,,,Ponni Sugars (Erode) Limited
2011-06-22,90.25,90.25,89.30000305175781,89.30000305175781,74.94864654541016,468,PONNIERODE,,,Ponni Sugars (Erode) Limited
2011-06-23,89.0,90.0,88.0,88.05000305175781,73.89952850341797,2229,PONNIERODE,,,Ponni Sugars (Erode) Limited
2011-06-24,88.5,91.0,88.05000305175781,90.75,76.16561126708984,3849,PONNIERODE,,,Ponni Sugars (Erode) Limited
2011-06-27,91.0999984741211,92.8000030517578,89.5,91.0,76.37543487548828,4519,PONNIERODE,,,Ponni Sugars (Erode) Limited
2011-06-28,90.25,92.0,90.1500015258789,91.5999984741211,76.87901306152344,868,PONNIERODE,,,Ponni Sugars (Erode) Limited
2011-06-29,94.0,94.0,91.3499984741211,93.1500015258789,78.17992401123047,10770,PONNIERODE,,,Ponni Sugars (Erode) Limited
2011-06-30,92.0,92.0,91.3000030517578,91.9499969482422,77.17277526855469,815,PONNIERODE,,,Ponni Sugars (Erode) Limited
2011-07-01,91.4000015258789,93.5,91.0,92.9000015258789,77.9700927734375,1548,PONNIERODE,,,Ponni Sugars (Erode) Limited
2011-07-04,93.0500030517578,99.5,93.0500030517578,94.3499984741211,79.18706512451172,6838,PONNIERODE,,,Ponni Sugars (Erode) Limited
2011-07-05,95.0,95.0,94.0,94.0,78.89331817626953,280,PONNIERODE,,,Ponni Sugars (Erode) Limited
2011-07-06,94.0999984741211,94.0999984741211,94.0,94.0,78.89331817626953,758,PONNIERODE,,,Ponni Sugars (Erode) Limited
2011-07-07,92.0,94.8000030517578,91.6999969482422,92.5,77.63436889648438,842,PONNIERODE,,,Ponni Sugars (Erode) Limited
2011-07-08,93.1500015258789,95.0,93.0999984741211,93.4499969482422,78.43169403076172,2685,PONNIERODE,,,Ponni Sugars (Erode) Limited
2011-07-11,92.9499969482422,93.0,91.5,91.8499984741211,78.77476501464844,1168,PONNIERODE,,,Ponni Sugars (Erode) Limited
2011-07-12,93.5,93.5,91.5,92.3499984741211,79.20357513427734,1985,PONNIERODE,,,Ponni Sugars (Erode) Limited
2011-07-13,92.3000030517578,94.3000030517578,92.3000030517578,93.1999969482422,79.93256378173828,3244,PONNIERODE,,,Ponni Sugars (Erode) Limited
2011-07-14,92.25,92.5500030517578,91.5999984741211,91.6500015258789,78.60322570800781,796,PONNIERODE,,,Ponni Sugars (Erode) Limited
2011-07-15,92.0,92.5,91.0,91.0,78.04576110839844,1900,PONNIERODE,,,Ponni Sugars (Erode) Limited
2011-07-18,90.0,92.0,87.25,90.0,77.1881103515625,22654,PONNIERODE,,,Ponni Sugars (Erode) Limited
2011-07-19,89.5,90.9000015258789,89.5,89.75,76.97368621826172,1121,PONNIERODE,,,Ponni Sugars (Erode) Limited
2011-07-20,88.69999694824219,90.0,88.6500015258789,89.19999694824219,76.50199127197266,1121,PONNIERODE,,,Ponni Sugars (Erode) Limited
2011-07-21,90.0,90.0,89.05000305175781,89.05000305175781,76.37336730957031,14,PONNIERODE,,,Ponni Sugars (Erode) Limited
2011-07-22,89.5,90.0,89.0,89.05000305175781,76.37336730957031,935,PONNIERODE,,,Ponni Sugars (Erode) Limited
2011-07-25,90.8499984741211,90.8499984741211,87.0,87.0999984741211,74.70093536376953,3118,PONNIERODE,,,Ponni Sugars (Erode) Limited
2011-07-26,89.0,90.5,86.05000305175781,89.94999694824219,77.1452407836914,4232,PONNIERODE,,,Ponni Sugars (Erode) Limited
2011-07-27,89.0,89.0,87.0,87.0999984741211,74.70093536376953,275,PONNIERODE,,,Ponni Sugars (Erode) Limited
2011-07-28,87.0,89.0,86.0,86.25,73.9719467163086,398,PONNIERODE,,,Ponni Sugars (Erode) Limited
2011-07-29,87.25,88.0,87.0,87.0,74.61518859863281,87,PONNIERODE,,,Ponni Sugars (Erode) Limited
2011-08-01,87.0,88.0,86.05000305175781,86.25,73.9719467163086,647,PONNIERODE,,,Ponni Sugars (Erode) Limited
2011-08-02,85.25,89.5,83.30000305175781,87.3499984741211,74.91535949707031,3460,PONNIERODE,,,Ponni Sugars (Erode) Limited
2011-08-03,86.0,88.0,86.0,87.05000305175781,74.65805053710938,1015,PONNIERODE,,,Ponni Sugars (Erode) Limited
2011-08-04,87.5,88.0,86.5,87.0,74.61518859863281,450,PONNIERODE,,,Ponni Sugars (Erode) Limited
2011-08-05,85.0,86.0,72.44999694824219,85.94999694824219,73.71463775634766,5860,PONNIERODE,,,Ponni Sugars (Erode) Limited
2011-08-08,84.0,84.9000015258789,77.0,84.8499984741211,72.771240234375,1421,PONNIERODE,,,Ponni Sugars (Erode) Limited
2011-08-09,81.0,88.9000015258789,81.0,83.05000305175781,71.22747039794922,476,PONNIERODE,,,Ponni Sugars (Erode) Limited
2011-08-10,83.25,85.0,83.25,83.9000015258789,71.95647430419922,1037,PONNIERODE,,,Ponni Sugars (Erode) Limited
2011-08-11,85.0,86.0,83.5,84.19999694824219,72.2137680053711,1483,PONNIERODE,,,Ponni Sugars (Erode) Limited
2011-08-12,84.19999694824219,84.19999694824219,84.19999694824219,84.19999694824219,72.2137680053711,0,PONNIERODE,,,Ponni Sugars (Erode) Limited
2011-08-16,86.0,87.0,83.05000305175781,86.25,73.9719467163086,360,PONNIERODE,,,Ponni Sugars (Erode) Limited
2011-08-17,84.0,84.0,82.0,83.0,71.1845932006836,1325,PONNIERODE,,,Ponni Sugars (Erode) Limited
2011-08-18,83.0,84.0,82.0,82.0,70.32694244384766,9182,PONNIERODE,,,Ponni Sugars (Erode) Limited
2011-08-19,80.5999984741211,81.0,79.05000305175781,79.44999694824219,68.13993835449219,5339,PONNIERODE,,,Ponni Sugars (Erode) Limited
2011-08-22,86.9000015258789,86.9000015258789,81.0,82.8499984741211,71.05595397949219,662,PONNIERODE,,,Ponni Sugars (Erode) Limited
2011-08-23,82.19999694824219,84.0,81.0,81.9000015258789,70.2411880493164,3102,PONNIERODE,,,Ponni Sugars (Erode) Limited
2011-08-24,81.0,84.0,81.0,81.75,70.11253356933594,1063,PONNIERODE,,,Ponni Sugars (Erode) Limited
2011-08-25,81.05000305175781,81.05000305175781,81.0,81.0,69.46929931640625,50,PONNIERODE,,,Ponni Sugars (Erode) Limited
2011-08-26,80.25,82.0,78.0,78.0999984741211,66.98213195800781,2357,PONNIERODE,,,Ponni Sugars (Erode) Limited
2011-08-29,78.1500015258789,81.69999694824219,78.1500015258789,80.0999984741211,68.69741821289062,204,PONNIERODE,,,Ponni Sugars (Erode) Limited
2011-08-30,82.80000305175781,85.0,81.05000305175781,84.94999694824219,72.85699462890625,4526,PONNIERODE,,,Ponni Sugars (Erode) Limited
2011-09-02,88.9000015258789,88.9000015258789,83.19999694824219,85.5,73.32869720458984,4545,PONNIERODE,,,Ponni Sugars (Erode) Limited
2011-09-05,85.44999694824219,85.44999694824219,81.0,81.05000305175781,69.51219940185547,550,PONNIERODE,,,Ponni Sugars (Erode) Limited
2011-09-06,83.75,85.0,80.25,82.5999984741211,70.8415298461914,3634,PONNIERODE,,,Ponni Sugars (Erode) Limited
2011-09-07,85.4000015258789,86.5,82.4000015258789,82.80000305175781,71.01306915283203,3829,PONNIERODE,,,Ponni Sugars (Erode) Limited
2011-09-08,81.5,82.5999984741211,81.25,82.5999984741211,70.8415298461914,212,PONNIERODE,,,Ponni Sugars (Erode) Limited
2011-09-09,81.55000305175781,83.5,81.5,81.55000305175781,69.94100952148438,902,PONNIERODE,,,Ponni Sugars (Erode) Limited
2011-09-12,81.30000305175781,81.69999694824219,81.0,81.5,69.89813995361328,611,PONNIERODE,,,Ponni Sugars (Erode) Limited
2011-09-13,81.0,82.0,80.0,80.3499984741211,68.9118423461914,2579,PONNIERODE,,,Ponni Sugars (Erode) Limited
2011-09-14,80.0,83.9000015258789,80.0,80.5,69.04047393798828,5308,PONNIERODE,,,Ponni Sugars (Erode) Limited
2011-09-15,81.0,82.0,80.05000305175781,80.9000015258789,69.38352966308594,1061,PONNIERODE,,,Ponni Sugars (Erode) Limited
2011-09-16,85.4000015258789,85.4000015258789,79.1500015258789,79.5999984741211,68.26860046386719,4472,PONNIERODE,,,Ponni Sugars (Erode) Limited
2011-09-19,80.05000305175781,87.0,80.0,80.25,68.8260726928711,5538,PONNIERODE,,,Ponni Sugars (Erode) Limited
2011-09-20,80.19999694824219,82.0,80.1500015258789,80.25,68.8260726928711,220,PONNIERODE,,,Ponni Sugars (Erode) Limited
2011-09-21,80.55000305175781,81.0,80.5,80.5,69.04047393798828,687,PONNIERODE,,,Ponni Sugars (Erode) Limited
2011-09-22,78.0,81.9000015258789,78.0,78.9000015258789,67.66825866699219,334,PONNIERODE,,,Ponni Sugars (Erode) Limited
2011-09-23,78.0,81.0,78.0,78.05000305175781,66.93925476074219,723,PONNIERODE,,,Ponni Sugars (Erode) Limited
2011-09-26,78.05000305175781,78.05000305175781,78.05000305175781,78.05000305175781,66.93925476074219,0,PONNIERODE,,,Ponni Sugars (Erode) Limited
2011-09-27,79.0,79.0,78.80000305175781,78.9000015258789,67.66825866699219,1550,PONNIERODE,,,Ponni Sugars (Erode) Limited
2011-09-28,79.0,79.0,78.0,78.0,66.8963623046875,186,PONNIERODE,,,Ponni Sugars (Erode) Limited
2011-09-29,78.1500015258789,83.4000015258789,78.0999984741211,78.44999694824219,67.28231811523438,441,PONNIERODE,,,Ponni Sugars (Erode) Limited
2011-09-30,83.25,83.25,78.05000305175781,78.1500015258789,67.02500915527344,158,PONNIERODE,,,Ponni Sugars (Erode) Limited
2011-10-03,78.0,82.9000015258789,78.0,81.8499984741211,70.19830322265625,42,PONNIERODE,,,Ponni Sugars (Erode) Limited
2011-10-04,85.9000015258789,85.9000015258789,78.0,78.0,66.8963623046875,561,PONNIERODE,,,Ponni Sugars (Erode) Limited
2011-10-05,80.9000015258789,80.9000015258789,78.0,79.5,68.1828384399414,669,PONNIERODE,,,Ponni Sugars (Erode) Limited
2011-10-07,81.80000305175781,81.80000305175781,78.0,78.0,66.8963623046875,496,PONNIERODE,,,Ponni Sugars (Erode) Limited
2011-10-10,78.0,81.6500015258789,77.55000305175781,81.6500015258789,70.02677154541016,3128,PONNIERODE,,,Ponni Sugars (Erode) Limited
2011-10-11,79.5,82.9000015258789,79.0,82.0,70.32694244384766,511,PONNIERODE,,,Ponni Sugars (Erode) Limited
2011-10-12,80.0,82.0,79.0,79.0,67.7540054321289,457,PONNIERODE,,,Ponni Sugars (Erode) Limited
2011-10-13,81.0,81.0,80.94999694824219,80.94999694824219,69.4264144897461,163,PONNIERODE,,,Ponni Sugars (Erode) Limited
2011-10-14,84.69999694824219,84.69999694824219,79.5999984741211,81.4000015258789,69.81236267089844,1493,PONNIERODE,,,Ponni Sugars (Erode) Limited
2011-10-17,80.19999694824219,82.6500015258789,80.0,81.5,69.89813995361328,607,PONNIERODE,,,Ponni Sugars (Erode) Limited
2011-10-18,80.55000305175781,81.0,80.0,80.8499984741211,69.34066009521484,226,PONNIERODE,,,Ponni Sugars (Erode) Limited
2011-10-19,80.80000305175781,81.9000015258789,80.80000305175781,81.9000015258789,70.2411880493164,143,PONNIERODE,,,Ponni Sugars (Erode) Limited
2011-10-20,80.5,81.0,78.1500015258789,81.0,69.46929931640625,428,PONNIERODE,,,Ponni Sugars (Erode) Limited
2011-10-21,82.4000015258789,82.4000015258789,78.1500015258789,78.1500015258789,67.02500915527344,275,PONNIERODE,,,Ponni Sugars (Erode) Limited
2011-10-24,78.05000305175781,82.5999984741211,78.05000305175781,80.44999694824219,68.99759674072266,118,PONNIERODE,,,Ponni Sugars (Erode) Limited
2011-10-25,80.25,83.5,80.0,81.0,69.46929931640625,541,PONNIERODE,,,Ponni Sugars (Erode) Limited
2011-10-28,83.4000015258789,83.4000015258789,80.0999984741211,80.25,68.8260726928711,185,PONNIERODE,,,Ponni Sugars (Erode) Limited
2011-10-31,80.05000305175781,83.5,79.30000305175781,79.69999694824219,68.35436248779297,406,PONNIERODE,,,Ponni Sugars (Erode) Limited
2011-11-01,79.05000305175781,80.69999694824219,78.55000305175781,79.4000015258789,68.09707641601562,8256,PONNIERODE,,,Ponni Sugars (Erode) Limited
2011-11-02,79.05000305175781,79.05000305175781,76.0,76.5,65.60989379882812,7874,PONNIERODE,,,Ponni Sugars (Erode) Limited
2011-11-03,77.5,77.5999984741211,77.0,77.5,66.46753692626953,638,PONNIERODE,,,Ponni Sugars (Erode) Limited
2011-11-04,81.69999694824219,81.69999694824219,77.6500015258789,78.25,67.11077117919922,701,PONNIERODE,,,Ponni Sugars (Erode) Limited
2011-11-08,77.0,80.0,75.25,79.8499984741211,68.48300170898438,385,PONNIERODE,,,Ponni Sugars (Erode) Limited
2011-11-09,79.9000015258789,80.0,78.19999694824219,79.75,68.3972396850586,295,PONNIERODE,,,Ponni Sugars (Erode) Limited
2011-11-11,78.0,79.0,76.1500015258789,78.75,67.53960418701172,9933,PONNIERODE,,,Ponni Sugars (Erode) Limited
2011-11-14,77.19999694824219,79.05000305175781,75.3499984741211,76.19999694824219,65.35260772705078,1529,PONNIERODE,,,Ponni Sugars (Erode) Limited
2011-11-15,75.0,75.0,72.5,74.94999694824219,64.28054809570312,372,PONNIERODE,,,Ponni Sugars (Erode) Limited
2011-11-16,73.3499984741211,73.9000015258789,73.3499984741211,73.8499984741211,63.33713150024414,355,PONNIERODE,,,Ponni Sugars (Erode) Limited
2011-11-17,73.55000305175781,73.75,73.5,73.5,63.03696823120117,407,PONNIERODE,,,Ponni Sugars (Erode) Limited
2011-11-18,73.05000305175781,79.75,73.05000305175781,73.3499984741211,62.90830612182617,267,PONNIERODE,,,Ponni Sugars (Erode) Limited
2011-11-21,73.0999984741211,77.9000015258789,73.0,73.5999984741211,63.12271881103516,1445,PONNIERODE,,,Ponni Sugars (Erode) Limited
2011-11-22,73.05000305175781,75.9000015258789,73.0,73.1500015258789,62.73678588867188,418,PONNIERODE,,,Ponni Sugars (Erode) Limited
2011-11-23,73.5999984741211,74.0,73.05000305175781,73.1500015258789,62.73678588867188,1113,PONNIERODE,,,Ponni Sugars (Erode) Limited
2011-11-24,73.05000305175781,73.8499984741211,73.0,73.19999694824219,62.77965927124024,1082,PONNIERODE,,,Ponni Sugars (Erode) Limited
2011-11-25,79.0,79.9000015258789,74.05000305175781,75.69999694824219,64.92377471923828,442,PONNIERODE,,,Ponni Sugars (Erode) Limited
2011-11-28,74.0,74.05000305175781,71.5,74.0,63.46577835083008,40,PONNIERODE,,,Ponni Sugars (Erode) Limited
2011-11-29,77.0,77.0,73.0,73.0,62.60813903808594,1800,PONNIERODE,,,Ponni Sugars (Erode) Limited
2011-11-30,73.05000305175781,74.94999694824219,73.0,74.94999694824219,64.28054809570312,4202,PONNIERODE,,,Ponni Sugars (Erode) Limited
2011-12-01,74.25,78.9000015258789,74.1500015258789,77.55000305175781,66.51042938232422,4777,PONNIERODE,,,Ponni Sugars (Erode) Limited
2011-12-02,77.0,78.0999984741211,74.0999984741211,78.0,66.8963623046875,1433,PONNIERODE,,,Ponni Sugars (Erode) Limited
2011-12-05,77.0,77.0,75.0999984741211,75.0999984741211,64.4092025756836,103,PONNIERODE,,,Ponni Sugars (Erode) Limited
2011-12-07,76.0,77.0,75.0999984741211,75.6500015258789,64.88089752197266,1120,PONNIERODE,,,Ponni Sugars (Erode) Limited
2011-12-08,75.05000305175781,80.8499984741211,74.94999694824219,79.1500015258789,67.88265991210938,49925,PONNIERODE,,,Ponni Sugars (Erode) Limited
2011-12-09,77.5,81.0,75.6500015258789,80.1500015258789,68.74031066894531,25021,PONNIERODE,,,Ponni Sugars (Erode) Limited
2011-12-12,79.0,80.44999694824219,76.0,76.19999694824219,65.35260772705078,801,PONNIERODE,,,Ponni Sugars (Erode) Limited
2011-12-13,77.0,77.0,75.1500015258789,76.0,65.18107604980469,213,PONNIERODE,,,Ponni Sugars (Erode) Limited
2011-12-14,78.69999694824219,78.69999694824219,75.0,75.0,64.32343292236328,1851,PONNIERODE,,,Ponni Sugars (Erode) Limited
2011-12-15,75.0,75.0,72.30000305175781,73.05000305175781,62.65102005004883,970,PONNIERODE,,,Ponni Sugars (Erode) Limited
2011-12-16,75.0,80.0,73.19999694824219,78.30000305175781,67.15365600585938,9346,PONNIERODE,,,Ponni Sugars (Erode) Limited
2011-12-19,82.69999694824219,82.69999694824219,76.0999984741211,76.30000305175781,65.43836975097656,680,PONNIERODE,,,Ponni Sugars (Erode) Limited
2011-12-20,74.0,75.9000015258789,72.19999694824219,73.0999984741211,62.69390487670898,523,PONNIERODE,,,Ponni Sugars (Erode) Limited
2011-12-21,73.05000305175781,75.5,71.1500015258789,72.25,61.96489334106445,812,PONNIERODE,,,Ponni Sugars (Erode) Limited
2011-12-22,72.19999694824219,74.0,72.19999694824219,73.55000305175781,63.0798454284668,4423,PONNIERODE,,,Ponni Sugars (Erode) Limited
2011-12-23,75.9000015258789,75.9000015258789,73.05000305175781,73.44999694824219,62.99408721923828,210,PONNIERODE,,,Ponni Sugars (Erode) Limited
2011-12-26,75.9000015258789,80.94999694824219,75.0,78.9000015258789,67.66825866699219,4585,PONNIERODE,,,Ponni Sugars (Erode) Limited
2011-12-27,77.0,77.0,76.0,76.0,65.18107604980469,190,PONNIERODE,,,Ponni Sugars (Erode) Limited
2011-12-28,80.9000015258789,80.9000015258789,73.0,78.0,66.8963623046875,574,PONNIERODE,,,Ponni Sugars (Erode) Limited
2011-12-29,77.0,77.0,73.55000305175781,73.80000305175781,63.294246673583984,58,PONNIERODE,,,Ponni Sugars (Erode) Limited
2011-12-30,73.0999984741211,80.5,73.0999984741211,77.5999984741211,66.55329895019531,560,PONNIERODE,,,Ponni Sugars (Erode) Limited
2012-01-02,76.0,76.0,73.1500015258789,74.25,63.68019485473633,2391,PONNIERODE,,,Ponni Sugars (Erode) Limited
2012-01-03,74.5,82.5999984741211,74.5,80.55000305175781,69.08336639404297,2728,PONNIERODE,,,Ponni Sugars (Erode) Limited
2012-01-04,79.0,80.0,77.0,77.19999694824219,66.21024322509766,766,PONNIERODE,,,Ponni Sugars (Erode) Limited
2012-01-05,76.1500015258789,80.0,76.1500015258789,76.6500015258789,65.73854064941406,684,PONNIERODE,,,Ponni Sugars (Erode) Limited
2012-01-06,79.19999694824219,79.19999694824219,75.75,76.69999694824219,65.78141784667969,50,PONNIERODE,,,Ponni Sugars (Erode) Limited
2012-01-09,79.69999694824219,81.0,76.80000305175781,80.30000305175781,68.86895751953125,1091,PONNIERODE,,,Ponni Sugars (Erode) Limited
2012-01-10,84.9000015258789,84.9000015258789,80.0999984741211,81.5,69.89813995361328,1169,PONNIERODE,,,Ponni Sugars (Erode) Limited
2012-01-11,81.0,85.0,80.55000305175781,84.0999984741211,72.12799835205078,1608,PONNIERODE,,,Ponni Sugars (Erode) Limited
2012-01-12,88.0,88.0,80.8499984741211,85.30000305175781,73.15718078613281,1732,PONNIERODE,,,Ponni Sugars (Erode) Limited
2012-01-13,85.05000305175781,99.5,85.05000305175781,86.80000305175781,74.44364929199219,8034,PONNIERODE,,,Ponni Sugars (Erode) Limited
2012-01-16,88.0,88.0,85.5,85.55000305175781,73.3716049194336,1244,PONNIERODE,,,Ponni Sugars (Erode) Limited
2012-01-17,85.0,86.0,84.25,84.5,72.47105407714844,1129,PONNIERODE,,,Ponni Sugars (Erode) Limited
2012-01-18,83.5,85.9000015258789,82.1500015258789,83.05000305175781,71.22747039794922,670,PONNIERODE,,,Ponni Sugars (Erode) Limited
2012-01-19,83.3499984741211,83.5999984741211,83.3499984741211,83.5,71.61341094970703,209,PONNIERODE,,,Ponni Sugars (Erode) Limited
2012-01-20,78.0,82.19999694824219,78.0,82.0,70.32694244384766,356,PONNIERODE,,,Ponni Sugars (Erode) Limited
2012-01-23,84.94999694824219,84.94999694824219,81.94999694824219,82.0,70.32694244384766,92,PONNIERODE,,,Ponni Sugars (Erode) Limited
2012-01-24,81.0,85.30000305175781,81.0,83.69999694824219,71.78494262695312,621,PONNIERODE,,,Ponni Sugars (Erode) Limited
2012-01-25,84.0,88.6500015258789,82.25,85.0,72.89989471435547,640,PONNIERODE,,,Ponni Sugars (Erode) Limited
2012-01-27,86.05000305175781,93.0,85.5,86.1500015258789,73.88617706298828,12676,PONNIERODE,,,Ponni Sugars (Erode) Limited
2012-01-30,90.4499969482422,103.3499984741211,87.19999694824219,103.3499984741211,88.6376953125,105602,PONNIERODE,,,Ponni Sugars (Erode) Limited
2012-01-31,107.0,109.0,100.5999984741211,104.5,89.62398529052734,59601,PONNIERODE,,,Ponni Sugars (Erode) Limited
2012-02-01,94.9499969482422,107.0,94.9499969482422,105.5500030517578,90.52450561523438,14372,PONNIERODE,,,Ponni Sugars (Erode) Limited
2012-02-02,104.1500015258789,106.8000030517578,103.0,104.0,89.19515991210938,5385,PONNIERODE,,,Ponni Sugars (Erode) Limited
2012-02-03,97.1500015258789,105.8000030517578,97.1500015258789,103.1500015258789,88.46615600585938,2297,PONNIERODE,,,Ponni Sugars (Erode) Limited
2012-02-06,97.5500030517578,108.0,97.5500030517578,104.25,89.4095687866211,2815,PONNIERODE,,,Ponni Sugars (Erode) Limited
2012-02-07,98.0999984741211,111.0,98.0999984741211,105.8499984741211,90.78179931640624,7454,PONNIERODE,,,Ponni Sugars (Erode) Limited
2012-02-08,106.3000030517578,110.75,106.3000030517578,110.75,94.98426055908205,4865,PONNIERODE,,,Ponni Sugars (Erode) Limited
2012-02-09,95.5,110.0999984741211,95.5,110.0999984741211,94.42678833007812,1086,PONNIERODE,,,Ponni Sugars (Erode) Limited
2012-02-10,106.0,111.0,106.0,110.4000015258789,94.68408203125,2114,PONNIERODE,,,Ponni Sugars (Erode) Limited
2012-02-13,107.0,110.5,106.0,109.0500030517578,93.52626037597656,2438,PONNIERODE,,,Ponni Sugars (Erode) Limited
2012-02-14,108.0,108.4000015258789,106.5500030517578,107.0,91.7680892944336,35854,PONNIERODE,,,Ponni Sugars (Erode) Limited
2012-02-15,102.1999969482422,109.0,102.0,108.6500015258789,93.18321228027344,12836,PONNIERODE,,,Ponni Sugars (Erode) Limited
2012-02-16,102.1999969482422,107.0,102.1999969482422,107.0,91.7680892944336,1831,PONNIERODE,,,Ponni Sugars (Erode) Limited
2012-02-17,103.0,110.0,103.0,106.3000030517578,91.16773986816406,307,PONNIERODE,,,Ponni Sugars (Erode) Limited
2012-02-21,103.0,110.4000015258789,103.0,110.25,94.55543518066406,2157,PONNIERODE,,,Ponni Sugars (Erode) Limited
2012-02-22,105.0999984741211,110.9000015258789,104.5,106.1999969482422,91.08197784423828,3397,PONNIERODE,,,Ponni Sugars (Erode) Limited
2012-02-23,101.0,105.8000030517578,101.0,105.1999969482422,90.22432708740234,941,PONNIERODE,,,Ponni Sugars (Erode) Limited
2012-02-24,101.0,107.8499984741211,101.0,104.3000030517578,89.45245361328125,987,PONNIERODE,,,Ponni Sugars (Erode) Limited
2012-02-27,101.0,105.0,101.0,102.25,87.69428253173828,1225,PONNIERODE,,,Ponni Sugars (Erode) Limited
2012-02-28,97.0,109.0,97.0,107.1999969482422,91.93961334228516,1443,PONNIERODE,,,Ponni Sugars (Erode) Limited
2012-02-29,107.0,117.5,103.0500030517578,105.9499969482422,90.86756896972656,5652,PONNIERODE,,,Ponni Sugars (Erode) Limited
2012-03-01,104.0,126.4000015258789,104.0,109.5999984741211,93.99796295166016,395530,PONNIERODE,,,Ponni Sugars (Erode) Limited
2012-03-02,105.0,112.0,105.0,110.75,94.98426055908205,3165,PONNIERODE,,,Ponni Sugars (Erode) Limited
2012-03-05,103.0999984741211,109.0,103.0999984741211,108.4000015258789,92.9687957763672,1818,PONNIERODE,,,Ponni Sugars (Erode) Limited
2012-03-06,106.0,114.9000015258789,106.0,109.9499969482422,94.2981414794922,1747,PONNIERODE,,,Ponni Sugars (Erode) Limited
2012-03-07,106.0500030517578,111.0999984741211,106.0500030517578,110.1999969482422,94.51255798339844,2791,PONNIERODE,,,Ponni Sugars (Erode) Limited
2012-03-09,109.5,110.5,107.5,110.4000015258789,94.68408203125,1182,PONNIERODE,,,Ponni Sugars (Erode) Limited
2012-03-12,111.0,116.0,111.0,113.1500015258789,97.04261016845705,4164,PONNIERODE,,,Ponni Sugars (Erode) Limited
2012-03-13,109.0,118.9499969482422,109.0,112.25,96.27073669433594,1947,PONNIERODE,,,Ponni Sugars (Erode) Limited
2012-03-14,107.0,115.0,107.0,111.6500015258789,95.75615692138672,1391,PONNIERODE,,,Ponni Sugars (Erode) Limited
2012-03-15,110.0,115.4000015258789,110.0,114.8000030517578,98.4577407836914,3961,PONNIERODE,,,Ponni Sugars (Erode) Limited
2012-03-16,110.0,115.0,110.0,113.0,96.91397094726562,1769,PONNIERODE,,,Ponni Sugars (Erode) Limited
2012-03-19,109.0,114.0,109.0,113.25,97.12838745117188,3601,PONNIERODE,,,Ponni Sugars (Erode) Limited
2012-03-20,114.8000030517578,115.9000015258789,109.0500030517578,114.0,97.77161407470705,3347,PONNIERODE,,,Ponni Sugars (Erode) Limited
2012-03-21,109.0,114.0,109.0,111.8499984741211,95.92767333984376,1414,PONNIERODE,,,Ponni Sugars (Erode) Limited
2012-03-22,110.0,112.8499984741211,110.0,111.0500030517578,95.24156951904295,2614,PONNIERODE,,,Ponni Sugars (Erode) Limited
2012-03-23,110.0,113.0,110.0,111.0,95.19867706298828,551,PONNIERODE,,,Ponni Sugars (Erode) Limited
2012-03-26,107.0,126.5,107.0,121.0500030517578,103.81800842285156,411253,PONNIERODE,,,Ponni Sugars (Erode) Limited
2012-03-27,107.5,121.0,107.5,115.1500015258789,98.75790405273438,1769,PONNIERODE,,,Ponni Sugars (Erode) Limited
2012-03-28,113.0,115.8000030517578,111.25,114.0,97.77161407470705,1658,PONNIERODE,,,Ponni Sugars (Erode) Limited
2012-03-29,107.5,115.5,107.5,111.1999969482422,95.37020111083984,379,PONNIERODE,,,Ponni Sugars (Erode) Limited
2012-03-30,107.25,119.0,107.25,108.9499969482422,93.44051361083984,3194,PONNIERODE,,,Ponni Sugars (Erode) Limited
2012-04-02,108.0,130.6999969482422,108.0,130.6999969482422,112.0942840576172,502466,PONNIERODE,,,Ponni Sugars (Erode) Limited
2012-04-03,136.5500030517578,149.5,129.0500030517578,131.39999389648438,112.69463348388672,49812,PONNIERODE,,,Ponni Sugars (Erode) Limited
2012-04-04,130.0,132.89999389648438,127.0,131.4499969482422,112.7375259399414,5535,PONNIERODE,,,Ponni Sugars (Erode) Limited
2012-04-09,124.0999984741211,140.0,124.0999984741211,133.5,114.49571990966795,18891,PONNIERODE,,,Ponni Sugars (Erode) Limited
2012-04-10,124.0,133.0,124.0,130.10000610351562,111.57972717285156,4533,PONNIERODE,,,Ponni Sugars (Erode) Limited
2012-04-11,125.0,132.0,125.0,130.89999389648438,112.26581573486328,10945,PONNIERODE,,,Ponni Sugars (Erode) Limited
2012-04-12,124.0,132.0,124.0,130.0500030517578,111.5368423461914,4190,PONNIERODE,,,Ponni Sugars (Erode) Limited
2012-04-13,129.0,133.89999389648438,129.0,130.0,111.4939422607422,913,PONNIERODE,,,Ponni Sugars (Erode) Limited
2012-04-16,125.25,132.0,125.25,130.6999969482422,112.0942840576172,68623,PONNIERODE,,,Ponni Sugars (Erode) Limited
2012-04-17,128.0,131.5,128.0,130.0,111.4939422607422,862,PONNIERODE,,,Ponni Sugars (Erode) Limited
2012-04-18,128.0,131.0,128.0,130.5,111.92276000976562,3847,PONNIERODE,,,Ponni Sugars (Erode) Limited
2012-04-19,128.0,131.89999389648438,128.0,130.25,111.7083511352539,2996,PONNIERODE,,,Ponni Sugars (Erode) Limited
2012-04-20,125.25,132.0,125.25,131.60000610351562,112.86617279052734,4464,PONNIERODE,,,Ponni Sugars (Erode) Limited
2012-04-23,129.0,133.5,129.0,130.0500030517578,111.5368423461914,3555,PONNIERODE,,,Ponni Sugars (Erode) Limited
2012-04-24,126.0,130.9499969482422,126.0,130.5,111.92276000976562,621,PONNIERODE,,,Ponni Sugars (Erode) Limited
2012-04-25,126.0,130.9499969482422,126.0,129.5,111.06511688232422,1633,PONNIERODE,,,Ponni Sugars (Erode) Limited
2012-04-26,126.0,132.0,126.0,130.89999389648438,112.26581573486328,8391,PONNIERODE,,,Ponni Sugars (Erode) Limited
2012-04-27,130.1999969482422,132.8000030517578,130.1999969482422,131.3000030517578,112.60887908935548,456,PONNIERODE,,,Ponni Sugars (Erode) Limited
2012-04-30,132.0,132.0,129.25,132.0,113.209228515625,1221,PONNIERODE,,,Ponni Sugars (Erode) Limited
2012-05-02,129.0,132.0,129.0,131.60000610351562,112.86617279052734,1625,PONNIERODE,,,Ponni Sugars (Erode) Limited
2012-05-03,129.0,134.0,129.0,132.10000610351562,113.29499816894533,1102,PONNIERODE,,,Ponni Sugars (Erode) Limited
2012-05-04,129.0,137.0,129.0,132.0,113.209228515625,6600,PONNIERODE,,,Ponni Sugars (Erode) Limited
2012-05-07,128.0,136.0,128.0,135.0,115.78217315673828,4229,PONNIERODE,,,Ponni Sugars (Erode) Limited
2012-05-08,130.0,136.8000030517578,130.0,133.0,114.06687927246094,1781,PONNIERODE,,,Ponni Sugars (Erode) Limited
2012-05-09,130.0,142.0,130.0,139.85000610351562,119.9417495727539,10270,PONNIERODE,,,Ponni Sugars (Erode) Limited
2012-05-10,147.0,148.0,131.0,142.10000610351562,121.87146759033205,11054,PONNIERODE,,,Ponni Sugars (Erode) Limited
2012-05-11,132.0,144.64999389648438,132.0,143.39999389648438,122.98639678955078,11062,PONNIERODE,,,Ponni Sugars (Erode) Limited
2012-05-14,139.0,143.0,139.0,142.0,121.78568267822266,6376,PONNIERODE,,,Ponni Sugars (Erode) Limited
2012-05-15,137.0,145.0,137.0,143.75,123.28656005859376,5724,PONNIERODE,,,Ponni Sugars (Erode) Limited
2012-05-16,140.0,145.9499969482422,140.0,145.0500030517578,124.40148162841795,5449,PONNIERODE,,,Ponni Sugars (Erode) Limited
2012-05-17,141.0,145.25,141.0,144.89999389648438,124.27285766601562,7070,PONNIERODE,,,Ponni Sugars (Erode) Limited
2012-05-18,142.0,146.0,142.0,145.14999389648438,124.4873046875,4521,PONNIERODE,,,Ponni Sugars (Erode) Limited
2012-05-21,140.25,149.0,140.25,147.4499969482422,126.45985412597656,9917,PONNIERODE,,,Ponni Sugars (Erode) Limited
2012-05-22,143.0,147.0,143.0,145.89999389648438,125.13050079345705,1019,PONNIERODE,,,Ponni Sugars (Erode) Limited
2012-05-23,144.0,146.0,142.0500030517578,145.0,124.3586196899414,5621,PONNIERODE,,,Ponni Sugars (Erode) Limited
2012-05-24,142.25,145.89999389648438,142.25,145.5,124.7874526977539,2243,PONNIERODE,,,Ponni Sugars (Erode) Limited
2012-05-25,141.0,145.0,141.0,144.8000030517578,124.18709564208984,2645,PONNIERODE,,,Ponni Sugars (Erode) Limited
2012-05-28,140.25,147.0,140.25,146.60000610351562,125.73086547851562,3427,PONNIERODE,,,Ponni Sugars (Erode) Limited
2012-05-29,140.5,146.0,140.5,146.0,125.21627807617188,1454,PONNIERODE,,,Ponni Sugars (Erode) Limited
2012-05-30,143.3000030517578,155.0,142.5,153.1999969482422,131.39134216308594,28960,PONNIERODE,,,Ponni Sugars (Erode) Limited
2012-05-31,156.0,156.89999389648438,144.0500030517578,155.3000030517578,133.1923828125,19030,PONNIERODE,,,Ponni Sugars (Erode) Limited
2012-06-01,152.0,155.0,150.0,152.6999969482422,130.96249389648438,9747,PONNIERODE,,,Ponni Sugars (Erode) Limited
2012-06-04,150.0,155.35000610351562,148.35000610351562,152.39999389648438,130.70521545410156,2661,PONNIERODE,,,Ponni Sugars (Erode) Limited
2012-06-05,153.0,162.89999389648438,151.0500030517578,161.5,138.50978088378906,16163,PONNIERODE,,,Ponni Sugars (Erode) Limited
2012-06-06,155.0,165.89999389648438,155.0,164.14999389648438,140.7825164794922,11677,PONNIERODE,,,Ponni Sugars (Erode) Limited
2012-06-07,162.0,164.0,158.5,162.5,139.367431640625,2925,PONNIERODE,,,Ponni Sugars (Erode) Limited
2012-06-08,162.0,166.64999389648438,162.0,165.64999389648438,142.06898498535156,17532,PONNIERODE,,,Ponni Sugars (Erode) Limited
2012-06-11,162.0500030517578,166.39999389648438,162.0500030517578,164.5500030517578,141.1256103515625,5154,PONNIERODE,,,Ponni Sugars (Erode) Limited
2012-06-12,165.0500030517578,165.0500030517578,160.35000610351562,162.5,139.367431640625,3374,PONNIERODE,,,Ponni Sugars (Erode) Limited
2012-06-13,160.0,165.0,158.5,164.60000610351562,141.1685028076172,17177,PONNIERODE,,,Ponni Sugars (Erode) Limited
2012-06-14,160.0,165.0,160.0,163.89999389648438,140.56814575195312,3770,PONNIERODE,,,Ponni Sugars (Erode) Limited
2012-06-15,160.0,165.4499969482422,160.0,165.0,141.5115509033203,4576,PONNIERODE,,,Ponni Sugars (Erode) Limited
2012-06-18,163.14999389648438,166.9499969482422,163.0,164.5,141.08270263671875,1836,PONNIERODE,,,Ponni Sugars (Erode) Limited
2012-06-19,158.5,165.9499969482422,158.5,164.14999389648438,140.7825164794922,5062,PONNIERODE,,,Ponni Sugars (Erode) Limited
2012-06-20,160.5,166.0,160.5,164.75,141.29713439941406,3484,PONNIERODE,,,Ponni Sugars (Erode) Limited
2012-06-21,160.5,166.1999969482422,160.5,165.6999969482422,142.11190795898438,7429,PONNIERODE,,,Ponni Sugars (Erode) Limited
2012-06-22,165.0,166.5,164.0,165.5500030517578,141.98326110839844,2931,PONNIERODE,,,Ponni Sugars (Erode) Limited
2012-06-25,162.5,165.4499969482422,162.5,164.14999389648438,140.7825164794922,1243,PONNIERODE,,,Ponni Sugars (Erode) Limited
2012-06-26,161.5,165.0,161.5,164.9499969482422,141.46865844726562,5013,PONNIERODE,,,Ponni Sugars (Erode) Limited
2012-06-27,161.5,165.25,161.5,164.75,141.29713439941406,2490,PONNIERODE,,,Ponni Sugars (Erode) Limited
2012-06-28,160.5,165.0,160.5,165.0,141.5115509033203,1983,PONNIERODE,,,Ponni Sugars (Erode) Limited
2012-06-29,164.0,166.0,160.5,163.4499969482422,140.18218994140625,3191,PONNIERODE,,,Ponni Sugars (Erode) Limited
2012-07-02,161.0,165.89999389648438,161.0,165.4499969482422,141.89749145507812,3741,PONNIERODE,,,Ponni Sugars (Erode) Limited
2012-07-03,163.9499969482422,166.0,163.5500030517578,164.0,140.6538848876953,1832,PONNIERODE,,,Ponni Sugars (Erode) Limited
2012-07-04,160.5,165.8000030517578,160.5,164.14999389648438,140.7825164794922,4422,PONNIERODE,,,Ponni Sugars (Erode) Limited
2012-07-05,160.0,167.4499969482422,160.0,164.6999969482422,141.25425720214844,3044,PONNIERODE,,,Ponni Sugars (Erode) Limited
2012-07-06,165.10000610351562,166.5,163.0500030517578,163.10000610351562,139.88201904296875,1082,PONNIERODE,,,Ponni Sugars (Erode) Limited
2012-07-09,162.0,162.1999969482422,158.10000610351562,158.75,136.15127563476562,3023,PONNIERODE,,,Ponni Sugars (Erode) Limited
2012-07-10,153.0,161.0,153.0,157.5500030517578,135.1220245361328,1143,PONNIERODE,,,Ponni Sugars (Erode) Limited
2012-07-11,156.0,158.0,156.0,156.4499969482422,134.17868041992188,851,PONNIERODE,,,Ponni Sugars (Erode) Limited
2012-07-12,150.5,160.8000030517578,150.5,157.14999389648438,134.77902221679688,211,PONNIERODE,,,Ponni Sugars (Erode) Limited
2012-07-13,155.10000610351562,165.0,155.10000610351562,158.0500030517578,135.55091857910156,2757,PONNIERODE,,,Ponni Sugars (Erode) Limited
2012-07-16,160.14999389648438,165.0,158.35000610351562,164.39999389648438,143.2630615234375,3700,PONNIERODE,,,Ponni Sugars (Erode) Limited
2012-07-17,158.5,165.0,154.64999389648438,158.25,137.9037628173828,4076,PONNIERODE,,,Ponni Sugars (Erode) Limited
2012-07-18,156.0,164.0,156.0,161.6999969482422,140.91017150878906,1171,PONNIERODE,,,Ponni Sugars (Erode) Limited
2012-07-19,189.0,189.0,161.9499969482422,163.39999389648438,142.39161682128906,6411,PONNIERODE,,,Ponni Sugars (Erode) Limited
2012-07-20,161.0,171.0,158.0,168.75,147.05380249023438,27910,PONNIERODE,,,Ponni Sugars (Erode) Limited
2012-07-23,160.0,179.0,149.0,175.6999969482422,153.1102294921875,33087,PONNIERODE,,,Ponni Sugars (Erode) Limited
2012-07-24,178.6999969482422,178.6999969482422,170.0500030517578,174.5,152.0644989013672,2685,PONNIERODE,,,Ponni Sugars (Erode) Limited
2012-07-25,178.0,178.9499969482422,169.9499969482422,170.64999389648438,148.70945739746094,5244,PONNIERODE,,,Ponni Sugars (Erode) Limited
2012-07-26,177.0,180.9499969482422,166.0,179.60000610351562,156.50880432128906,13792,PONNIERODE,,,Ponni Sugars (Erode) Limited
2012-07-27,180.1999969482422,185.5,175.0,184.3999938964844,160.691650390625,10422,PONNIERODE,,,Ponni Sugars (Erode) Limited
2012-07-30,199.0,199.0,160.25,184.75,160.99664306640625,4921,PONNIERODE,,,Ponni Sugars (Erode) Limited
2012-07-31,180.0,188.8500061035156,180.0,187.6999969482422,163.56735229492188,3746,PONNIERODE,,,Ponni Sugars (Erode) Limited
2012-08-01,181.0500030517578,186.5,180.5,184.6999969482422,160.95309448242188,2193,PONNIERODE,,,Ponni Sugars (Erode) Limited
2012-08-02,190.0,190.0,175.0500030517578,179.1999969482422,156.1602020263672,1347,PONNIERODE,,,Ponni Sugars (Erode) Limited
2012-08-03,181.5,181.5,173.10000610351562,176.85000610351562,154.1123504638672,1108,PONNIERODE,,,Ponni Sugars (Erode) Limited
2012-08-06,179.0,179.0,169.0,170.14999389648438,148.27377319335938,2034,PONNIERODE,,,Ponni Sugars (Erode) Limited
2012-08-07,168.25,180.8500061035156,167.0,179.35000610351562,156.2909393310547,1598,PONNIERODE,,,Ponni Sugars (Erode) Limited
2012-08-08,179.0,180.9499969482422,175.0,179.85000610351562,156.7266387939453,1837,PONNIERODE,,,Ponni Sugars (Erode) Limited
2012-08-09,171.0,181.4499969482422,171.0,180.3000030517578,157.11880493164062,4272,PONNIERODE,,,Ponni Sugars (Erode) Limited
2012-08-10,177.39999389648438,181.8999938964844,177.39999389648438,180.3000030517578,157.11880493164062,3111,PONNIERODE,,,Ponni Sugars (Erode) Limited
2012-08-13,199.0,199.0,175.6999969482422,176.75,154.0252227783203,700,PONNIERODE,,,Ponni Sugars (Erode) Limited
2012-08-14,184.4499969482422,184.5,172.0,175.4499969482422,152.892333984375,1030,PONNIERODE,,,Ponni Sugars (Erode) Limited
2012-08-16,175.0,182.5,172.5,179.75,156.63951110839844,3108,PONNIERODE,,,Ponni Sugars (Erode) Limited
2012-08-17,184.5,201.0,179.5,184.0500030517578,160.3866424560547,13244,PONNIERODE,,,Ponni Sugars (Erode) Limited
2012-08-21,183.6000061035156,183.8999938964844,175.0,181.0,157.72882080078125,4039,PONNIERODE,,,Ponni Sugars (Erode) Limited
2012-08-22,184.8999938964844,184.8999938964844,180.0,180.0,156.85733032226562,1174,PONNIERODE,,,Ponni Sugars (Erode) Limited
2012-08-23,180.0,186.0,180.0,181.25,157.9466552734375,8051,PONNIERODE,,,Ponni Sugars (Erode) Limited
2012-08-24,182.3999938964844,182.3999938964844,178.0,178.4499969482422,155.5066375732422,2565,PONNIERODE,,,Ponni Sugars (Erode) Limited
2012-08-27,180.0,190.0,180.0,182.75,159.2537841796875,3104,PONNIERODE,,,Ponni Sugars (Erode) Limited
2012-08-28,180.0,185.8500061035156,176.5,184.75,160.99664306640625,2354,PONNIERODE,,,Ponni Sugars (Erode) Limited
2012-08-29,181.0,185.0,177.5,184.6000061035156,160.86593627929688,7234,PONNIERODE,,,Ponni Sugars (Erode) Limited
2012-08-30,181.0500030517578,186.3000030517578,181.0,185.0,161.21450805664062,5082,PONNIERODE,,,Ponni Sugars (Erode) Limited
2012-08-31,187.0,187.0,181.5,182.3999938964844,158.94879150390625,642,PONNIERODE,,,Ponni Sugars (Erode) Limited
2012-09-03,181.1000061035156,185.0,181.0,184.4499969482422,160.73521423339844,2691,PONNIERODE,,,Ponni Sugars (Erode) Limited
2012-09-04,198.3000030517578,202.0,189.0,195.1999969482422,170.10311889648438,15830,PONNIERODE,,,Ponni Sugars (Erode) Limited
2012-09-05,191.25,193.4499969482422,190.0,190.1000061035156,165.65882873535156,955,PONNIERODE,,,Ponni Sugars (Erode) Limited
2012-09-06,199.6999969482422,199.8500061035156,187.0,187.6999969482422,163.56735229492188,998,PONNIERODE,,,Ponni Sugars (Erode) Limited
2012-09-07,185.75,188.0,182.8999938964844,184.1499938964844,160.47378540039062,1199,PONNIERODE,,,Ponni Sugars (Erode) Limited
2012-09-10,186.0,186.0,180.6000061035156,181.1000061035156,157.8159637451172,308,PONNIERODE,,,Ponni Sugars (Erode) Limited
2012-09-11,180.0500030517578,185.9499969482422,180.0,185.0,161.21450805664062,3548,PONNIERODE,,,Ponni Sugars (Erode) Limited
2012-09-12,182.5500030517578,186.0,182.5500030517578,185.0,161.21450805664062,160,PONNIERODE,,,Ponni Sugars (Erode) Limited
2012-09-13,189.8500061035156,190.3999938964844,183.0,189.8000030517578,165.3974151611328,3232,PONNIERODE,,,Ponni Sugars (Erode) Limited
2012-09-14,196.0,196.0,183.1000061035156,188.6499938964844,164.39520263671875,3476,PONNIERODE,,,Ponni Sugars (Erode) Limited
2012-09-17,187.1000061035156,202.9499969482422,187.1000061035156,199.6000061035156,173.93740844726562,8010,PONNIERODE,,,Ponni Sugars (Erode) Limited
2012-09-18,193.0,199.9499969482422,190.25,196.75,171.45379638671875,3802,PONNIERODE,,,Ponni Sugars (Erode) Limited
2012-09-20,218.0,218.0,192.8000030517578,192.8500061035156,168.0552520751953,479,PONNIERODE,,,Ponni Sugars (Erode) Limited
2012-09-21,196.3000030517578,197.0,195.0,195.0,169.92880249023438,1431,PONNIERODE,,,Ponni Sugars (Erode) Limited
2012-09-24,195.0,200.8000030517578,193.0,199.8000030517578,174.11166381835938,13091,PONNIERODE,,,Ponni Sugars (Erode) Limited
2012-09-25,195.0,199.3999938964844,193.0,197.8999938964844,172.4559326171875,2542,PONNIERODE,,,Ponni Sugars (Erode) Limited
2012-09-26,199.8500061035156,200.5,193.8500061035156,195.6000061035156,170.45167541503906,1458,PONNIERODE,,,Ponni Sugars (Erode) Limited
2012-09-27,198.0,198.0,195.0,195.0500030517578,169.97235107421875,386,PONNIERODE,,,Ponni Sugars (Erode) Limited
2012-09-28,197.1000061035156,200.5500030517578,195.6000061035156,199.6999969482422,174.02450561523438,2478,PONNIERODE,,,Ponni Sugars (Erode) Limited
2012-10-01,200.6999969482422,200.6999969482422,193.0,193.1999969482422,168.3602294921875,239,PONNIERODE,,,Ponni Sugars (Erode) Limited
2012-10-03,194.0,195.0,191.1000061035156,192.6999969482422,167.9245147705078,389,PONNIERODE,,,Ponni Sugars (Erode) Limited
2012-10-04,188.0,191.8500061035156,182.5,186.0500030517578,162.1295166015625,456,PONNIERODE,,,Ponni Sugars (Erode) Limited
2012-10-05,189.5,190.0,185.0,186.1000061035156,162.17311096191406,286,PONNIERODE,,,Ponni Sugars (Erode) Limited
2012-10-08,190.0,190.0,185.5,186.1000061035156,162.17311096191406,112,PONNIERODE,,,Ponni Sugars (Erode) Limited
2012-10-09,188.0,190.0,187.0,187.9499969482422,163.78521728515625,731,PONNIERODE,,,Ponni Sugars (Erode) Limited
2012-10-10,186.0,189.8999938964844,185.3000030517578,186.0,162.08595275878906,142,PONNIERODE,,,Ponni Sugars (Erode) Limited
2012-10-11,186.0,191.3999938964844,186.0,188.8000030517578,164.52593994140625,415,PONNIERODE,,,Ponni Sugars (Erode) Limited
2012-10-12,190.0,202.3000030517578,190.0,200.1000061035156,174.3731231689453,5383,PONNIERODE,,,Ponni Sugars (Erode) Limited
2012-10-15,206.5,206.5,195.1000061035156,197.0500030517578,171.7152557373047,1133,PONNIERODE,,,Ponni Sugars (Erode) Limited
2012-10-16,196.0,200.0,194.0,198.9499969482422,173.3709716796875,1241,PONNIERODE,,,Ponni Sugars (Erode) Limited
2012-10-17,199.0,200.1999969482422,199.0,200.0,174.2859649658203,180,PONNIERODE,,,Ponni Sugars (Erode) Limited
2012-10-18,196.8000030517578,202.0,196.8000030517578,201.6499938964844,175.72378540039062,1195,PONNIERODE,,,Ponni Sugars (Erode) Limited
2012-10-19,195.0500030517578,201.8999938964844,195.0500030517578,200.9499969482422,175.11383056640625,834,PONNIERODE,,,Ponni Sugars (Erode) Limited
2012-10-22,197.3999938964844,201.3999938964844,197.0,200.0,174.2859649658203,1388,PONNIERODE,,,Ponni Sugars (Erode) Limited
2012-10-23,195.1000061035156,201.75,195.1000061035156,200.1000061035156,174.3731231689453,1568,PONNIERODE,,,Ponni Sugars (Erode) Limited
2012-10-25,202.0,202.0,198.1499938964844,198.8500061035156,173.2838134765625,53,PONNIERODE,,,Ponni Sugars (Erode) Limited
2012-10-29,202.0,213.8000030517578,202.0,211.9499969482422,184.69952392578125,5924,PONNIERODE,,,Ponni Sugars (Erode) Limited
2012-10-30,206.5500030517578,254.3000030517578,206.5500030517578,254.3000030517578,221.6045684814453,101673,PONNIERODE,,,Ponni Sugars (Erode) Limited
2012-10-31,267.0,305.1499938964844,263.0,305.1499938964844,265.91680908203125,141881,PONNIERODE,,,Ponni Sugars (Erode) Limited
2012-11-01,320.0,335.6499938964844,302.0,335.6499938964844,292.49542236328125,203751,PONNIERODE,,,Ponni Sugars (Erode) Limited
2012-11-02,350.0,352.0,311.1000061035156,314.29998779296875,273.8903503417969,165890,PONNIERODE,,,Ponni Sugars (Erode) Limited
2012-11-05,301.0,335.0,301.0,322.79998779296875,281.29754638671875,87076,PONNIERODE,,,Ponni Sugars (Erode) Limited
2012-11-06,320.0,325.8500061035156,317.1000061035156,320.6499938964844,279.4239807128906,53481,PONNIERODE,,,Ponni Sugars (Erode) Limited
2012-11-07,326.54998779296875,352.70001220703125,321.6499938964844,340.8500061035156,297.0269470214844,44028,PONNIERODE,,,Ponni Sugars (Erode) Limited
2012-11-08,350.0,355.45001220703125,335.1000061035156,346.8999938964844,302.2990417480469,16917,PONNIERODE,,,Ponni Sugars (Erode) Limited
2012-11-09,345.95001220703125,349.0,321.0,343.0,298.9004211425781,4805,PONNIERODE,,,Ponni Sugars (Erode) Limited
2012-11-12,346.95001220703125,377.2999877929688,345.95001220703125,377.2999877929688,328.7904052734375,198117,PONNIERODE,,,Ponni Sugars (Erode) Limited
2012-11-15,392.0,415.0,389.0,399.25,347.9183349609375,14551,PONNIERODE,,,Ponni Sugars (Erode) Limited
2012-11-16,400.0499877929688,400.0499877929688,394.0,396.6499938964844,345.652587890625,5510,PONNIERODE,,,Ponni Sugars (Erode) Limited
2012-11-19,395.0,400.0,394.0,398.8999938964844,347.61334228515625,3486,PONNIERODE,,,Ponni Sugars (Erode) Limited
2012-11-20,395.0,396.5,394.75,395.75,344.8683166503906,3071,PONNIERODE,,,Ponni Sugars (Erode) Limited
2012-11-21,393.8999938964844,396.0,393.8999938964844,395.1000061035156,344.30194091796875,3505,PONNIERODE,,,Ponni Sugars (Erode) Limited
2012-11-22,395.0,395.5,387.0,388.8500061035156,338.8554992675781,3150,PONNIERODE,,,Ponni Sugars (Erode) Limited
2012-11-23,383.0,391.25,373.5,385.0499877929688,335.54400634765625,5822,PONNIERODE,,,Ponni Sugars (Erode) Limited
2012-11-26,389.0,391.3999938964844,384.0,384.7999877929688,335.32623291015625,1919,PONNIERODE,,,Ponni Sugars (Erode) Limited
2012-11-27,394.25,394.25,384.0,385.0499877929688,335.54400634765625,2216,PONNIERODE,,,Ponni Sugars (Erode) Limited
2012-11-29,385.0,388.9500122070313,385.0,385.0,335.5004577636719,2592,PONNIERODE,,,Ponni Sugars (Erode) Limited
2012-11-30,385.0499877929688,388.0,385.0,385.0,335.5004577636719,739,PONNIERODE,,,Ponni Sugars (Erode) Limited
2012-12-03,382.0,382.0,366.0,380.0,331.14337158203125,10885,PONNIERODE,,,Ponni Sugars (Erode) Limited
2012-12-04,380.0,380.0,373.0,373.5,325.4789733886719,6557,PONNIERODE,,,Ponni Sugars (Erode) Limited
2012-12-05,372.3999938964844,378.0,357.0,357.0,311.1004638671875,4942,PONNIERODE,,,Ponni Sugars (Erode) Limited
2012-12-06,352.75,373.5,352.0,360.1499938964844,313.8454895019531,3377,PONNIERODE,,,Ponni Sugars (Erode) Limited
2012-12-07,352.75,370.0,352.75,359.3500061035156,313.1483154296875,2431,PONNIERODE,,,Ponni Sugars (Erode) Limited
2012-12-10,356.0,356.0,355.0,355.0,309.3575744628906,1205,PONNIERODE,,,Ponni Sugars (Erode) Limited
2012-12-11,355.0,355.0,354.0,354.0,308.48614501953125,1085,PONNIERODE,,,Ponni Sugars (Erode) Limited
2012-12-12,355.0,364.0499877929688,350.0,350.1000061035156,305.08758544921875,1316,PONNIERODE,,,Ponni Sugars (Erode) Limited
2012-12-13,350.0,367.6000061035156,345.0,367.5499877929688,320.29400634765625,10400,PONNIERODE,,,Ponni Sugars (Erode) Limited
2012-12-14,373.0,374.0,352.0,373.0499877929688,325.0868225097656,10145,PONNIERODE,,,Ponni Sugars (Erode) Limited
2012-12-17,373.5,373.5,355.1000061035156,355.54998779296875,309.8368225097656,338,PONNIERODE,,,Ponni Sugars (Erode) Limited
2012-12-18,355.29998779296875,355.29998779296875,354.0,354.0,308.48614501953125,197,PONNIERODE,,,Ponni Sugars (Erode) Limited
2012-12-19,355.0,355.0,352.75,352.75,307.3968200683594,2110,PONNIERODE,,,Ponni Sugars (Erode) Limited
2012-12-20,353.0,365.0,352.75,365.0,318.0718688964844,364,PONNIERODE,,,Ponni Sugars (Erode) Limited
2012-12-21,355.0,364.5,354.0,364.5,317.6361694335937,117,PONNIERODE,,,Ponni Sugars (Erode) Limited
2012-12-24,348.75,348.75,347.0,347.0,302.3861389160156,565,PONNIERODE,,,Ponni Sugars (Erode) Limited
2012-12-26,336.6000061035156,336.6000061035156,329.6499938964844,330.0,287.57183837890625,966,PONNIERODE,,,Ponni Sugars (Erode) Limited
2012-12-27,332.0,332.0,330.0,330.0,287.57183837890625,990,PONNIERODE,,,Ponni Sugars (Erode) Limited
2012-12-28,317.8999938964844,330.0,317.8999938964844,330.0,287.57183837890625,278,PONNIERODE,,,Ponni Sugars (Erode) Limited
2012-12-31,333.0,346.5,331.0,346.5,301.950439453125,365,PONNIERODE,,,Ponni Sugars (Erode) Limited
2013-01-01,363.7999877929688,363.7999877929688,350.0,363.7999877929688,317.0261535644531,708,PONNIERODE,,,Ponni Sugars (Erode) Limited
2013-01-02,363.7999877929688,381.0,350.0,377.2000122070313,328.70330810546875,913,PONNIERODE,,,Ponni Sugars (Erode) Limited
2013-01-03,360.0,371.7000122070313,358.3500061035156,358.3500061035156,312.27685546875,365,PONNIERODE,,,Ponni Sugars (Erode) Limited
2013-01-04,362.0,370.0,362.0,365.0,318.0718688964844,298,PONNIERODE,,,Ponni Sugars (Erode) Limited
2013-01-07,364.0,364.0,351.0,351.1000061035156,305.9589538574219,11085,PONNIERODE,,,Ponni Sugars (Erode) Limited
2013-01-08,352.75,355.0,352.0,352.0,306.7432556152344,1084,PONNIERODE,,,Ponni Sugars (Erode) Limited
2013-01-09,353.0,354.0,353.0,353.0,307.6147155761719,238,PONNIERODE,,,Ponni Sugars (Erode) Limited
2013-01-10,354.0,355.0,353.0,355.0,309.3575744628906,165,PONNIERODE,,,Ponni Sugars (Erode) Limited
2013-01-11,353.0,353.0,352.0,352.0,306.7432556152344,1010,PONNIERODE,,,Ponni Sugars (Erode) Limited
2013-01-14,350.0,350.0,350.0,350.0,305.0003967285156,302,PONNIERODE,,,Ponni Sugars (Erode) Limited
2013-01-15,350.0,350.0,350.0,350.0,305.0003967285156,56,PONNIERODE,,,Ponni Sugars (Erode) Limited
2013-01-16,360.9500122070313,367.5,360.9500122070313,367.5,320.25048828125,1290,PONNIERODE,,,Ponni Sugars (Erode) Limited
2013-01-17,367.5,385.8500061035156,350.0,372.9500122070313,324.9997253417969,4222,PONNIERODE,,,Ponni Sugars (Erode) Limited
2013-01-18,385.7999877929688,385.7999877929688,366.5499877929688,370.0,322.42901611328125,142,PONNIERODE,,,Ponni Sugars (Erode) Limited
2013-01-21,366.5499877929688,366.5499877929688,352.1000061035156,353.0,307.6147155761719,182,PONNIERODE,,,Ponni Sugars (Erode) Limited
2013-01-22,348.0,353.0,348.0,348.0,303.257568359375,94,PONNIERODE,,,Ponni Sugars (Erode) Limited
2013-01-23,347.25,350.0,347.25,350.0,305.0003967285156,265,PONNIERODE,,,Ponni Sugars (Erode) Limited
2013-01-24,348.0,348.0,348.0,348.0,303.257568359375,51,PONNIERODE,,,Ponni Sugars (Erode) Limited
2013-01-25,347.25,352.0,347.25,348.0,303.257568359375,190,PONNIERODE,,,Ponni Sugars (Erode) Limited
2013-01-28,348.0,350.0,348.0,348.0,303.257568359375,179,PONNIERODE,,,Ponni Sugars (Erode) Limited
2013-01-29,348.25,348.25,348.0,348.0,303.257568359375,138,PONNIERODE,,,Ponni Sugars (Erode) Limited
2013-01-30,348.0,350.0,347.25,350.0,305.0003967285156,690,PONNIERODE,,,Ponni Sugars (Erode) Limited
2013-01-31,348.0,357.0,348.0,357.0,311.1004638671875,23,PONNIERODE,,,Ponni Sugars (Erode) Limited
2013-02-01,348.0,350.0,348.0,350.0,305.0003967285156,689,PONNIERODE,,,Ponni Sugars (Erode) Limited
2013-02-04,348.0,348.0,341.0,341.0,297.1575927734375,650,PONNIERODE,,,Ponni Sugars (Erode) Limited
2013-02-05,328.0,328.0,324.04998779296875,324.29998779296875,282.60467529296875,201,PONNIERODE,,,Ponni Sugars (Erode) Limited
2013-02-06,328.0,340.0,310.1000061035156,333.0,290.1861572265625,399,PONNIERODE,,,Ponni Sugars (Erode) Limited
2013-02-07,335.0,335.0,322.0,322.0,280.6003723144531,36,PONNIERODE,,,Ponni Sugars (Erode) Limited
2013-02-08,308.75,315.0,308.0,315.0,274.5003967285156,542,PONNIERODE,,,Ponni Sugars (Erode) Limited
2013-02-11,308.70001220703125,330.0,300.1000061035156,319.70001220703125,278.5960693359375,3053,PONNIERODE,,,Ponni Sugars (Erode) Limited
2013-02-12,320.0,335.6499938964844,308.70001220703125,327.8999938964844,285.7418212890625,2459,PONNIERODE,,,Ponni Sugars (Erode) Limited
2013-02-13,317.0,322.0,317.0,318.6499938964844,277.6811218261719,1930,PONNIERODE,,,Ponni Sugars (Erode) Limited
2013-02-14,318.25,325.0,312.0,312.0,271.8861083984375,320,PONNIERODE,,,Ponni Sugars (Erode) Limited
2013-02-15,310.0,317.0,310.0,311.1499938964844,271.1453552246094,57,PONNIERODE,,,Ponni Sugars (Erode) Limited
2013-02-18,312.0,326.6499938964844,312.0,325.3500061035156,283.51971435546875,750,PONNIERODE,,,Ponni Sugars (Erode) Limited
2013-02-19,330.0,339.0,315.0,320.0,278.8575439453125,148,PONNIERODE,,,Ponni Sugars (Erode) Limited
2013-02-20,335.6000061035156,336.0,335.6000061035156,336.0,292.8003845214844,365,PONNIERODE,,,Ponni Sugars (Erode) Limited
2013-02-21,340.0,340.0,320.0,320.1000061035156,278.9446716308594,209,PONNIERODE,,,Ponni Sugars (Erode) Limited
2013-02-22,317.0,317.0,315.0,316.20001220703125,275.5461120605469,92,PONNIERODE,,,Ponni Sugars (Erode) Limited
2013-02-25,315.5,330.0,310.0,315.0,274.5003967285156,489,PONNIERODE,,,Ponni Sugars (Erode) Limited
2013-02-26,305.0,309.8999938964844,305.0,309.8999938964844,270.0560913085937,135,PONNIERODE,,,Ponni Sugars (Erode) Limited
2013-02-27,310.0,325.3500061035156,305.0,325.3500061035156,283.51971435546875,450,PONNIERODE,,,Ponni Sugars (Erode) Limited
2013-02-28,341.6000061035156,341.6000061035156,316.0,340.54998779296875,296.7654113769531,2165,PONNIERODE,,,Ponni Sugars (Erode) Limited
2013-03-01,323.54998779296875,354.29998779296875,323.54998779296875,331.5,288.8789978027344,3652,PONNIERODE,,,Ponni Sugars (Erode) Limited
2013-03-04,317.0,320.25,315.0,315.79998779296875,275.1975402832031,5088,PONNIERODE,,,Ponni Sugars (Erode) Limited
2013-03-05,315.0,329.0,310.0,311.6000061035156,271.5375366210937,2493,PONNIERODE,,,Ponni Sugars (Erode) Limited
2013-03-06,309.1000061035156,310.04998779296875,296.6000061035156,309.25,269.4897155761719,481,PONNIERODE,,,Ponni Sugars (Erode) Limited
2013-03-07,305.0,324.0,301.04998779296875,319.0,277.9861145019531,197,PONNIERODE,,,Ponni Sugars (Erode) Limited
2013-03-08,330.0,349.0,330.0,337.1499938964844,293.80255126953125,5115,PONNIERODE,,,Ponni Sugars (Erode) Limited
2013-03-11,337.0,368.9500122070313,321.8500061035156,331.95001220703125,289.2710876464844,22697,PONNIERODE,,,Ponni Sugars (Erode) Limited
2013-03-12,335.0,335.0,302.5,310.0,270.14324951171875,324,PONNIERODE,,,Ponni Sugars (Erode) Limited
2013-03-13,301.0,337.95001220703125,279.0,318.75,277.76824951171875,1901,PONNIERODE,,,Ponni Sugars (Erode) Limited
2013-03-14,318.0,350.6000061035156,317.0,350.6000061035156,305.5233154296875,7421,PONNIERODE,,,Ponni Sugars (Erode) Limited
2013-03-15,370.0,385.6499938964844,353.0,371.1499938964844,323.4310913085937,6335,PONNIERODE,,,Ponni Sugars (Erode) Limited
2013-03-18,376.6499938964844,376.6499938964844,334.25,360.7000122070313,314.3246765136719,408,PONNIERODE,,,Ponni Sugars (Erode) Limited
2013-03-19,374.9500122070313,375.0,324.6499938964844,324.6499938964844,282.9096984863281,1064,PONNIERODE,,,Ponni Sugars (Erode) Limited
2013-03-20,324.0,326.0,296.0,313.0,272.75750732421875,400,PONNIERODE,,,Ponni Sugars (Erode) Limited
2013-03-21,299.0,314.04998779296875,297.04998779296875,301.0,262.30035400390625,22538,PONNIERODE,,,Ponni Sugars (Erode) Limited
2013-03-22,275.29998779296875,299.95001220703125,275.25,283.20001220703125,246.78892517089844,875,PONNIERODE,,,Ponni Sugars (Erode) Limited
2013-03-25,276.0,289.5,269.1000061035156,269.1499938964844,234.54530334472656,101743,PONNIERODE,,,Ponni Sugars (Erode) Limited
2013-03-26,265.0,266.0,262.0,264.04998779296875,230.1010131835937,5565,PONNIERODE,,,Ponni Sugars (Erode) Limited
2013-03-28,274.75,274.75,254.6999969482422,254.6999969482422,221.9531707763672,23,PONNIERODE,,,Ponni Sugars (Erode) Limited
2013-04-01,265.0,265.0,242.0,244.1999969482422,212.80319213867188,504,PONNIERODE,,,Ponni Sugars (Erode) Limited
2013-04-02,237.0,244.8999938964844,235.0,235.0,204.78599548339844,1571,PONNIERODE,,,Ponni Sugars (Erode) Limited
2013-04-03,230.0,246.75,224.3999938964844,246.75,215.0252990722656,7472,PONNIERODE,,,Ponni Sugars (Erode) Limited
2013-04-04,258.70001220703125,259.04998779296875,254.6999969482422,259.04998779296875,225.74386596679688,5313,PONNIERODE,,,Ponni Sugars (Erode) Limited
2013-04-05,272.0,272.0,269.75,272.0,237.0289001464844,93,PONNIERODE,,,Ponni Sugars (Erode) Limited
2013-04-08,272.0,272.0,272.0,272.0,237.0289001464844,0,PONNIERODE,,,Ponni Sugars (Erode) Limited
2013-04-09,272.0,272.0,272.0,272.0,237.0289001464844,0,PONNIERODE,,,Ponni Sugars (Erode) Limited
2013-04-10,272.0,272.0,272.0,272.0,237.0289001464844,0,PONNIERODE,,,Ponni Sugars (Erode) Limited
2013-04-11,272.0,272.0,272.0,272.0,237.0289001464844,0,PONNIERODE,,,Ponni Sugars (Erode) Limited
2013-04-12,343.95001220703125,345.0,317.95001220703125,343.95001220703125,299.728271484375,150,PONNIERODE,,,Ponni Sugars (Erode) Limited
2013-04-15,358.5,358.5,357.45001220703125,358.5,312.4075622558594,164317,PONNIERODE,,,Ponni Sugars (Erode) Limited
2013-04-16,344.0,344.0,344.0,344.0,299.7718505859375,250,PONNIERODE,,,Ponni Sugars (Erode) Limited
2013-04-17,356.0,356.0,326.79998779296875,356.0,310.22900390625,40,PONNIERODE,,,Ponni Sugars (Erode) Limited
2013-04-18,371.0,371.0,371.0,371.0,323.3004150390625,120000,PONNIERODE,,,Ponni Sugars (Erode) Limited
2013-04-22,371.0,371.0,371.0,371.0,323.3004150390625,0,PONNIERODE,,,Ponni Sugars (Erode) Limited
2013-04-23,372.0,372.0,372.0,372.0,324.1719055175781,125000,PONNIERODE,,,Ponni Sugars (Erode) Limited
2013-04-25,353.3999938964844,353.3999938964844,353.3999938964844,353.3999938964844,307.9632263183594,302,PONNIERODE,,,Ponni Sugars (Erode) Limited
2013-04-26,353.3999938964844,353.3999938964844,353.3999938964844,353.3999938964844,307.9632263183594,0,PONNIERODE,,,Ponni Sugars (Erode) Limited
2013-04-29,353.3999938964844,353.3999938964844,353.3999938964844,353.3999938964844,307.9632263183594,0,PONNIERODE,,,Ponni Sugars (Erode) Limited
2013-04-30,353.3999938964844,353.3999938964844,353.3999938964844,353.3999938964844,307.9632263183594,0,PONNIERODE,,,Ponni Sugars (Erode) Limited
2013-05-02,359.45001220703125,359.45001220703125,359.45001220703125,359.45001220703125,313.23541259765625,1,PONNIERODE,,,Ponni Sugars (Erode) Limited
2013-05-03,342.0,342.0,342.0,342.0,298.0289611816406,5,PONNIERODE,,,Ponni Sugars (Erode) Limited
2013-05-06,325.29998779296875,325.29998779296875,325.29998779296875,325.29998779296875,283.47607421875,20,PONNIERODE,,,Ponni Sugars (Erode) Limited
2013-05-07,325.29998779296875,325.29998779296875,325.29998779296875,325.29998779296875,283.47607421875,0,PONNIERODE,,,Ponni Sugars (Erode) Limited
2013-05-08,310.0,310.0,310.0,310.0,270.14324951171875,10,PONNIERODE,,,Ponni Sugars (Erode) Limited
2013-05-09,310.0,310.0,310.0,310.0,270.14324951171875,0,PONNIERODE,,,Ponni Sugars (Erode) Limited
2013-05-10,284.0,284.0,284.0,284.0,247.486083984375,20,PONNIERODE,,,Ponni Sugars (Erode) Limited
2013-05-13,260.0,260.0,260.0,260.0,226.5717620849609,50,PONNIERODE,,,Ponni Sugars (Erode) Limited
2013-05-14,260.0,260.0,260.0,260.0,226.5717620849609,0,PONNIERODE,,,Ponni Sugars (Erode) Limited
2013-05-15,260.0,260.0,260.0,260.0,226.5717620849609,0,PONNIERODE,,,Ponni Sugars (Erode) Limited
2013-05-16,260.0,260.0,260.0,260.0,226.5717620849609,0,PONNIERODE,,,Ponni Sugars (Erode) Limited
2013-05-17,270.0,270.0,270.0,270.0,235.2860412597656,20,PONNIERODE,,,Ponni Sugars (Erode) Limited
2013-05-20,270.0,270.0,270.0,270.0,235.2860412597656,0,PONNIERODE,,,Ponni Sugars (Erode) Limited
2013-05-21,260.0,260.1000061035156,260.0,260.0,226.5717620849609,185,PONNIERODE,,,Ponni Sugars (Erode) Limited
2013-05-22,260.0,260.0,260.0,260.0,226.5717620849609,0,PONNIERODE,,,Ponni Sugars (Erode) Limited
2013-05-23,260.0,260.0,260.0,260.0,226.5717620849609,0,PONNIERODE,,,Ponni Sugars (Erode) Limited
2013-05-24,260.0,260.0,260.0,260.0,226.5717620849609,0,PONNIERODE,,,Ponni Sugars (Erode) Limited
2013-05-27,260.0,260.0,260.0,260.0,226.5717620849609,0,PONNIERODE,,,Ponni Sugars (Erode) Limited
2013-05-28,255.1000061035156,255.1000061035156,255.1000061035156,255.1000061035156,222.3017578125,170,PONNIERODE,,,Ponni Sugars (Erode) Limited
2013-05-29,242.5,242.5,242.5,242.5,211.3217010498047,1,PONNIERODE,,,Ponni Sugars (Erode) Limited
2013-05-30,242.5,242.5,242.5,242.5,211.3217010498047,0,PONNIERODE,,,Ponni Sugars (Erode) Limited
2013-05-31,230.6000061035156,230.6000061035156,230.6000061035156,230.6000061035156,200.9517059326172,10,PONNIERODE,,,Ponni Sugars (Erode) Limited
2013-06-03,230.6000061035156,230.6000061035156,230.6000061035156,230.6000061035156,200.9517059326172,0,PONNIERODE,,,Ponni Sugars (Erode) Limited
2013-06-04,222.0,222.0,222.0,222.0,193.4574279785156,6,PONNIERODE,,,Ponni Sugars (Erode) Limited
2013-06-05,233.0,233.0,222.3000030517578,233.0,203.0431365966797,6,PONNIERODE,,,Ponni Sugars (Erode) Limited
2013-06-06,233.0,233.0,233.0,233.0,203.0431365966797,0,PONNIERODE,,,Ponni Sugars (Erode) Limited
2013-06-07,222.1999969482422,222.1999969482422,221.6000061035156,222.1999969482422,193.63172912597656,45,PONNIERODE,,,Ponni Sugars (Erode) Limited
2013-06-10,211.8500061035156,211.8500061035156,211.8500061035156,211.8500061035156,184.6123962402344,5,PONNIERODE,,,Ponni Sugars (Erode) Limited
2013-06-11,211.8500061035156,211.8500061035156,211.8500061035156,211.8500061035156,184.6123962402344,4,PONNIERODE,,,Ponni Sugars (Erode) Limited
2013-06-12,211.0,211.0,211.0,211.0,183.8716735839844,20,PONNIERODE,,,Ponni Sugars (Erode) Limited
2013-06-13,211.0,211.0,211.0,211.0,183.8716735839844,10,PONNIERODE,,,Ponni Sugars (Erode) Limited
2013-06-14,211.0,211.0,211.0,211.0,183.8716735839844,0,PONNIERODE,,,Ponni Sugars (Erode) Limited
2013-06-17,211.0,211.0,211.0,211.0,183.8716735839844,0,PONNIERODE,,,Ponni Sugars (Erode) Limited
2013-06-18,211.0,211.0,211.0,211.0,183.8716735839844,0,PONNIERODE,,,Ponni Sugars (Erode) Limited
2013-06-19,220.0,220.0,211.0,220.0,191.7145538330078,5025,PONNIERODE,,,Ponni Sugars (Erode) Limited
2013-06-20,225.0,225.0,220.0500030517578,225.0,196.0717010498047,225,PONNIERODE,,,Ponni Sugars (Erode) Limited
2013-06-21,220.0,225.0,220.0,220.0,191.7145538330078,1835,PONNIERODE,,,Ponni Sugars (Erode) Limited
2013-06-24,220.0,220.0,220.0,220.0,191.7145538330078,0,PONNIERODE,,,Ponni Sugars (Erode) Limited
2013-06-25,219.9499969482422,219.9499969482422,219.9499969482422,219.9499969482422,191.6709747314453,10,PONNIERODE,,,Ponni Sugars (Erode) Limited
2013-06-26,210.0,210.0,210.0,210.0,183.000244140625,10,PONNIERODE,,,Ponni Sugars (Erode) Limited
2013-06-27,210.0,210.0,210.0,210.0,183.000244140625,0,PONNIERODE,,,Ponni Sugars (Erode) Limited
2013-06-28,210.0,210.0,210.0,210.0,183.000244140625,0,PONNIERODE,,,Ponni Sugars (Erode) Limited
2013-07-01,210.0,210.0,210.0,210.0,183.000244140625,0,PONNIERODE,,,Ponni Sugars (Erode) Limited
2013-07-02,203.0,204.0,200.0,203.0,176.90025329589844,77,PONNIERODE,,,Ponni Sugars (Erode) Limited
2013-07-03,202.0,202.0,195.0,202.0,176.02880859375,61,PONNIERODE,,,Ponni Sugars (Erode) Limited
2013-07-04,195.0,195.0,194.0,195.0,169.92880249023438,132,PONNIERODE,,,Ponni Sugars (Erode) Limited
2013-07-05,195.0,195.0,195.0,195.0,169.92880249023438,0,PONNIERODE,,,Ponni Sugars (Erode) Limited
2013-07-08,185.6000061035156,185.6000061035156,185.6000061035156,185.6000061035156,161.73736572265625,15,PONNIERODE,,,Ponni Sugars (Erode) Limited
2013-07-09,185.6000061035156,185.6000061035156,185.6000061035156,185.6000061035156,161.73736572265625,0,PONNIERODE,,,Ponni Sugars (Erode) Limited
2013-07-10,185.6000061035156,185.6000061035156,185.6000061035156,185.6000061035156,161.73736572265625,0,PONNIERODE,,,Ponni Sugars (Erode) Limited
2013-07-11,185.6000061035156,185.6000061035156,185.6000061035156,185.6000061035156,161.73736572265625,0,PONNIERODE,,,Ponni Sugars (Erode) Limited
2013-07-12,185.6000061035156,185.6000061035156,185.6000061035156,185.6000061035156,161.73736572265625,0,PONNIERODE,,,Ponni Sugars (Erode) Limited
2013-07-15,177.0,177.0,177.0,177.0,154.24307250976562,20,PONNIERODE,,,Ponni Sugars (Erode) Limited
2013-07-16,169.0,169.0,169.0,169.0,147.27163696289062,5,PONNIERODE,,,Ponni Sugars (Erode) Limited
2013-07-17,169.0,169.0,169.0,169.0,147.27163696289062,10,PONNIERODE,,,Ponni Sugars (Erode) Limited
2013-07-18,169.0,169.0,169.0,169.0,148.5904998779297,0,PONNIERODE,,,Ponni Sugars (Erode) Limited
2013-07-19,177.4499969482422,177.4499969482422,161.60000610351562,177.4499969482422,156.02000427246094,16,PONNIERODE,,,Ponni Sugars (Erode) Limited
2013-07-22,168.60000610351562,168.60000610351562,168.60000610351562,168.60000610351562,148.23880004882812,27,PONNIERODE,,,Ponni Sugars (Erode) Limited
2013-07-23,168.60000610351562,168.60000610351562,168.60000610351562,168.60000610351562,148.23880004882812,0,PONNIERODE,,,Ponni Sugars (Erode) Limited
2013-07-24,161.0,161.0,161.0,161.0,141.55661010742188,3,PONNIERODE,,,Ponni Sugars (Erode) Limited
2013-07-25,153.0,153.0,153.0,153.0,134.5227508544922,50,PONNIERODE,,,Ponni Sugars (Erode) Limited
2013-07-26,160.4499969482422,160.4499969482422,160.4499969482422,160.4499969482422,141.0730438232422,10,PONNIERODE,,,Ponni Sugars (Erode) Limited
2013-07-29,160.4499969482422,160.4499969482422,160.4499969482422,160.4499969482422,141.0730438232422,0,PONNIERODE,,,Ponni Sugars (Erode) Limited
2013-07-30,168.4499969482422,168.4499969482422,168.4499969482422,168.4499969482422,148.10691833496094,10,PONNIERODE,,,Ponni Sugars (Erode) Limited
2013-07-31,168.4499969482422,168.4499969482422,168.4499969482422,168.4499969482422,148.10691833496094,0,PONNIERODE,,,Ponni Sugars (Erode) Limited
2013-08-01,160.60000610351562,160.60000610351562,160.60000610351562,160.60000610351562,141.2049102783203,20,PONNIERODE,,,Ponni Sugars (Erode) Limited
2013-08-02,160.60000610351562,160.60000610351562,160.60000610351562,160.60000610351562,141.2049102783203,0,PONNIERODE,,,Ponni Sugars (Erode) Limited
2013-08-05,160.60000610351562,160.60000610351562,160.60000610351562,160.60000610351562,141.2049102783203,0,PONNIERODE,,,Ponni Sugars (Erode) Limited
2013-08-06,160.6999969482422,160.6999969482422,160.6999969482422,160.6999969482422,141.2928466796875,10,PONNIERODE,,,Ponni Sugars (Erode) Limited
2013-08-07,160.6999969482422,160.6999969482422,160.6999969482422,160.6999969482422,141.2928466796875,100,PONNIERODE,,,Ponni Sugars (Erode) Limited
2013-08-08,160.6999969482422,160.6999969482422,160.6999969482422,160.6999969482422,141.2928466796875,0,PONNIERODE,,,Ponni Sugars (Erode) Limited
2013-08-12,160.6999969482422,160.6999969482422,160.6999969482422,160.6999969482422,141.2928466796875,0,PONNIERODE,,,Ponni Sugars (Erode) Limited
2013-08-13,160.6999969482422,160.6999969482422,160.6999969482422,160.6999969482422,141.2928466796875,0,PONNIERODE,,,Ponni Sugars (Erode) Limited
2013-08-14,160.6999969482422,160.6999969482422,160.6999969482422,160.6999969482422,141.2928466796875,0,PONNIERODE,,,Ponni Sugars (Erode) Limited
2013-08-16,167.0,167.0,167.0,167.0,146.83201599121094,50,PONNIERODE,,,Ponni Sugars (Erode) Limited
2013-08-19,167.0,167.0,167.0,167.0,146.83201599121094,0,PONNIERODE,,,Ponni Sugars (Erode) Limited
2013-08-20,167.0,167.0,167.0,167.0,146.83201599121094,0,PONNIERODE,,,Ponni Sugars (Erode) Limited
2013-08-21,167.0,167.0,167.0,167.0,146.83201599121094,0,PONNIERODE,,,Ponni Sugars (Erode) Limited
2013-08-22,167.0,167.0,167.0,167.0,146.83201599121094,0,PONNIERODE,,,Ponni Sugars (Erode) Limited
2013-08-23,167.0,167.0,167.0,167.0,146.83201599121094,0,PONNIERODE,,,Ponni Sugars (Erode) Limited
2013-08-26,167.0,167.0,167.0,167.0,146.83201599121094,0,PONNIERODE,,,Ponni Sugars (Erode) Limited
2013-08-27,164.0,164.0,164.0,164.0,144.19430541992188,1,PONNIERODE,,,Ponni Sugars (Erode) Limited
2013-08-28,164.0,164.0,164.0,164.0,144.19430541992188,0,PONNIERODE,,,Ponni Sugars (Erode) Limited
2013-08-29,164.0,164.0,164.0,164.0,144.19430541992188,0,PONNIERODE,,,Ponni Sugars (Erode) Limited
2013-08-30,164.0,164.0,164.0,164.0,144.19430541992188,0,PONNIERODE,,,Ponni Sugars (Erode) Limited
2013-09-02,171.5,171.5,171.5,171.5,150.78857421875,22453,PONNIERODE,,,Ponni Sugars (Erode) Limited
2013-09-03,171.5,171.5,171.5,171.5,150.78857421875,0,PONNIERODE,,,Ponni Sugars (Erode) Limited
2013-09-04,171.5,171.5,171.5,171.5,150.78857421875,0,PONNIERODE,,,Ponni Sugars (Erode) Limited
2013-09-05,171.5,171.5,171.5,171.5,150.78857421875,0,PONNIERODE,,,Ponni Sugars (Erode) Limited
2013-09-06,171.5,171.5,171.5,171.5,150.78857421875,0,PONNIERODE,,,Ponni Sugars (Erode) Limited
2013-09-10,171.5,171.5,171.5,171.5,150.78857421875,0,PONNIERODE,,,Ponni Sugars (Erode) Limited
2013-09-11,170.0,170.0,170.0,170.0,149.46971130371094,20,PONNIERODE,,,Ponni Sugars (Erode) Limited
2013-09-12,170.0,170.0,170.0,170.0,149.46971130371094,0,PONNIERODE,,,Ponni Sugars (Erode) Limited
2013-09-13,170.0,170.0,170.0,170.0,149.46971130371094,0,PONNIERODE,,,Ponni Sugars (Erode) Limited
2013-09-16,170.0,170.0,170.0,170.0,149.46971130371094,26,PONNIERODE,,,Ponni Sugars (Erode) Limited
2013-09-17,170.0,170.0,170.0,170.0,149.46971130371094,0,PONNIERODE,,,Ponni Sugars (Erode) Limited
2013-09-18,170.0,170.0,170.0,170.0,149.46971130371094,0,PONNIERODE,,,Ponni Sugars (Erode) Limited
2013-09-19,170.0,170.0,170.0,170.0,149.46971130371094,0,PONNIERODE,,,Ponni Sugars (Erode) Limited
2013-09-20,170.0,170.0,170.0,170.0,149.46971130371094,0,PONNIERODE,,,Ponni Sugars (Erode) Limited
2013-09-23,170.0,170.0,170.0,170.0,149.46971130371094,0,PONNIERODE,,,Ponni Sugars (Erode) Limited
2013-09-24,170.0,170.0,170.0,170.0,149.46971130371094,0,PONNIERODE,,,Ponni Sugars (Erode) Limited
2013-09-25,170.0,170.0,170.0,170.0,149.46971130371094,0,PONNIERODE,,,Ponni Sugars (Erode) Limited
2013-09-26,170.0,170.0,170.0,170.0,149.46971130371094,0,PONNIERODE,,,Ponni Sugars (Erode) Limited
2013-09-27,170.0,170.0,170.0,170.0,149.46971130371094,0,PONNIERODE,,,Ponni Sugars (Erode) Limited
2013-09-30,170.0,170.0,170.0,170.0,149.46971130371094,0,PONNIERODE,,,Ponni Sugars (Erode) Limited
2013-10-01,170.0,170.0,170.0,170.0,149.46971130371094,0,PONNIERODE,,,Ponni Sugars (Erode) Limited
2013-10-03,178.0,178.0,178.0,178.0,156.5035858154297,5,PONNIERODE,,,Ponni Sugars (Erode) Limited
2013-10-04,186.0,186.0,186.0,186.0,163.53744506835938,300,PONNIERODE,,,Ponni Sugars (Erode) Limited
2013-10-07,194.0,194.0,194.0,194.0,170.5712890625,31,PONNIERODE,,,Ponni Sugars (Erode) Limited
2013-10-08,203.6999969482422,203.6999969482422,203.6999969482422,203.6999969482422,179.09988403320312,600,PONNIERODE,,,Ponni Sugars (Erode) Limited
2013-10-09,210.0,210.0,193.5500030517578,210.0,184.6390686035156,450,PONNIERODE,,,Ponni Sugars (Erode) Limited
2013-10-10,199.5,211.0,199.5,199.5,175.40711975097656,85423,PONNIERODE,,,Ponni Sugars (Erode) Limited
2013-10-11,189.5500030517578,220.0,189.5500030517578,189.5500030517578,166.6587371826172,86220,PONNIERODE,,,Ponni Sugars (Erode) Limited
2013-10-14,180.10000610351562,180.10000610351562,180.10000610351562,180.10000610351562,158.34999084472656,5,PONNIERODE,,,Ponni Sugars (Erode) Limited
2013-10-15,180.10000610351562,180.10000610351562,180.10000610351562,180.10000610351562,158.34999084472656,0,PONNIERODE,,,Ponni Sugars (Erode) Limited
2013-10-17,171.10000610351562,171.10000610351562,171.10000610351562,171.10000610351562,150.43687438964844,33,PONNIERODE,,,Ponni Sugars (Erode) Limited
2013-10-18,163.0,163.0,163.0,163.0,143.31509399414062,5,PONNIERODE,,,Ponni Sugars (Erode) Limited
2013-10-21,156.6999969482422,156.6999969482422,156.6999969482422,156.6999969482422,137.77590942382812,55,PONNIERODE,,,Ponni Sugars (Erode) Limited
2013-10-22,158.0,158.0,158.0,158.0,138.91888427734375,68,PONNIERODE,,,Ponni Sugars (Erode) Limited
2013-10-23,163.0,163.0,152.0,163.0,143.31509399414062,168,PONNIERODE,,,Ponni Sugars (Erode) Limited
2013-10-24,155.0,158.0,154.85000610351562,155.0,136.2812042236328,50,PONNIERODE,,,Ponni Sugars (Erode) Limited
2013-10-25,147.5,155.0,147.25,147.5,129.68695068359375,115,PONNIERODE,,,Ponni Sugars (Erode) Limited
2013-10-28,140.14999389648438,140.1999969482422,140.14999389648438,140.14999389648438,123.22457885742188,65,PONNIERODE,,,Ponni Sugars (Erode) Limited
2013-10-29,133.14999389648438,133.14999389648438,133.14999389648438,133.14999389648438,117.06993865966795,50,PONNIERODE,,,Ponni Sugars (Erode) Limited
2013-10-30,127.0,135.0,127.0,127.0,111.66266632080078,103,PONNIERODE,,,Ponni Sugars (Erode) Limited
2013-10-31,121.0,121.0,121.0,121.0,106.38726806640624,60,PONNIERODE,,,Ponni Sugars (Erode) Limited
2013-11-01,115.0,121.0,115.0,115.0,101.11187744140624,3,PONNIERODE,,,Ponni Sugars (Erode) Limited
2013-11-05,120.75,120.75,109.5,120.75,106.16746520996094,28,PONNIERODE,,,Ponni Sugars (Erode) Limited
2013-11-06,120.75,120.75,120.75,120.75,106.16746520996094,0,PONNIERODE,,,Ponni Sugars (Erode) Limited
2013-11-07,126.75,126.75,126.75,126.75,111.4428482055664,133,PONNIERODE,,,Ponni Sugars (Erode) Limited
2013-11-08,133.0,133.0,133.0,133.0,116.93806457519533,1,PONNIERODE,,,Ponni Sugars (Erode) Limited
2013-11-11,127.0,127.0,127.0,127.0,111.66266632080078,10,PONNIERODE,,,Ponni Sugars (Erode) Limited
2013-11-12,122.0,122.0,120.6500015258789,122.0,107.26649475097656,520,PONNIERODE,,,Ponni Sugars (Erode) Limited
2013-11-13,128.0,128.10000610351562,128.0,128.0,112.54190826416016,11,PONNIERODE,,,Ponni Sugars (Erode) Limited
2013-11-14,134.3000030517578,134.3000030517578,134.3000030517578,134.3000030517578,118.0810775756836,2,PONNIERODE,,,Ponni Sugars (Erode) Limited
2013-11-18,140.0,140.0,127.5999984741211,140.0,123.09270477294922,70,PONNIERODE,,,Ponni Sugars (Erode) Limited
2013-11-19,147.0,147.0,147.0,147.0,129.24732971191406,3,PONNIERODE,,,Ponni Sugars (Erode) Limited
2013-11-20,139.64999389648438,145.0,139.64999389648438,139.64999389648438,122.78497314453124,121,PONNIERODE,,,Ponni Sugars (Erode) Limited
2013-11-21,145.89999389648438,145.89999389648438,145.89999389648438,145.89999389648438,128.28016662597656,15,PONNIERODE,,,Ponni Sugars (Erode) Limited
2013-11-22,145.89999389648438,145.89999389648438,145.89999389648438,145.89999389648438,128.28016662597656,0,PONNIERODE,,,Ponni Sugars (Erode) Limited
2013-11-25,145.89999389648438,145.89999389648438,145.89999389648438,145.89999389648438,128.28016662597656,0,PONNIERODE,,,Ponni Sugars (Erode) Limited
2013-11-26,147.0,147.0,147.0,147.0,129.24732971191406,1,PONNIERODE,,,Ponni Sugars (Erode) Limited
2013-11-27,142.0,147.0,142.0,142.0,124.85118103027344,65,PONNIERODE,,,Ponni Sugars (Erode) Limited
2013-11-28,147.0,147.0,147.0,147.0,129.24732971191406,50,PONNIERODE,,,Ponni Sugars (Erode) Limited
2013-11-29,147.0,147.0,147.0,147.0,129.24732971191406,0,PONNIERODE,,,Ponni Sugars (Erode) Limited
2013-12-02,147.0,147.0,147.0,147.0,129.24732971191406,0,PONNIERODE,,,Ponni Sugars (Erode) Limited
2013-12-03,150.0,150.0,150.0,150.0,131.8850555419922,10,PONNIERODE,,,Ponni Sugars (Erode) Limited
2013-12-04,151.5,151.5,151.5,151.5,133.20387268066406,100,PONNIERODE,,,Ponni Sugars (Erode) Limited
2013-12-05,151.5,151.5,151.5,151.5,133.20387268066406,0,PONNIERODE,,,Ponni Sugars (Erode) Limited
2013-12-06,151.5,151.5,151.5,151.5,133.20387268066406,0,PONNIERODE,,,Ponni Sugars (Erode) Limited
2013-12-09,151.5,151.5,151.5,151.5,133.20387268066406,0,PONNIERODE,,,Ponni Sugars (Erode) Limited
2013-12-10,145.0,145.0,145.0,145.0,127.48885345458984,10,PONNIERODE,,,Ponni Sugars (Erode) Limited
2013-12-11,145.0,145.0,145.0,145.0,127.48885345458984,0,PONNIERODE,,,Ponni Sugars (Erode) Limited
2013-12-12,145.0,145.0,145.0,145.0,127.48885345458984,0,PONNIERODE,,,Ponni Sugars (Erode) Limited
2013-12-13,145.0,145.0,145.0,145.0,127.48885345458984,0,PONNIERODE,,,Ponni Sugars (Erode) Limited
2013-12-16,145.0,145.0,145.0,145.0,127.48885345458984,0,PONNIERODE,,,Ponni Sugars (Erode) Limited
2013-12-17,145.0,145.0,145.0,145.0,127.48885345458984,0,PONNIERODE,,,Ponni Sugars (Erode) Limited
2013-12-18,145.0,145.0,143.0,145.0,127.48885345458984,25,PONNIERODE,,,Ponni Sugars (Erode) Limited
2013-12-19,145.0,145.0,145.0,145.0,127.48885345458984,0,PONNIERODE,,,Ponni Sugars (Erode) Limited
2013-12-20,144.0,144.0,144.0,144.0,126.60965728759766,100,PONNIERODE,,,Ponni Sugars (Erode) Limited
2013-12-23,145.0,150.89999389648438,145.0,145.0,127.48885345458984,107,PONNIERODE,,,Ponni Sugars (Erode) Limited
2013-12-24,139.0,139.0,137.75,139.0,122.21347045898438,115,PONNIERODE,,,Ponni Sugars (Erode) Limited
2013-12-26,132.10000610351562,132.10000610351562,132.10000610351562,132.10000610351562,116.14675903320312,5,PONNIERODE,,,Ponni Sugars (Erode) Limited
2013-12-27,132.10000610351562,132.10000610351562,132.10000610351562,132.10000610351562,116.14675903320312,0,PONNIERODE,,,Ponni Sugars (Erode) Limited
2013-12-30,132.10000610351562,132.10000610351562,132.10000610351562,132.10000610351562,116.14675903320312,0,PONNIERODE,,,Ponni Sugars (Erode) Limited
2013-12-31,132.10000610351562,132.10000610351562,132.10000610351562,132.10000610351562,116.14675903320312,0,PONNIERODE,,,Ponni Sugars (Erode) Limited
2014-01-01,128.0,128.0,128.0,128.0,112.54190826416016,201,PONNIERODE,,,Ponni Sugars (Erode) Limited
2014-01-02,133.0,133.0,133.0,133.0,116.93806457519533,32,PONNIERODE,,,Ponni Sugars (Erode) Limited
2014-01-03,126.3499984741211,126.3499984741211,126.3499984741211,126.3499984741211,111.0911636352539,124,PONNIERODE,,,Ponni Sugars (Erode) Limited
2014-01-06,126.3499984741211,126.3499984741211,126.3499984741211,126.3499984741211,111.0911636352539,0,PONNIERODE,,,Ponni Sugars (Erode) Limited
2014-01-07,126.3499984741211,126.3499984741211,126.3499984741211,126.3499984741211,111.0911636352539,0,PONNIERODE,,,Ponni Sugars (Erode) Limited
2014-01-08,126.3499984741211,126.3499984741211,126.3499984741211,126.3499984741211,111.0911636352539,0,PONNIERODE,,,Ponni Sugars (Erode) Limited
2014-01-09,130.0,132.64999389648438,130.0,130.0,114.30037689208984,6,PONNIERODE,,,Ponni Sugars (Erode) Limited
2014-01-10,130.0,130.0,130.0,130.0,114.30037689208984,0,PONNIERODE,,,Ponni Sugars (Erode) Limited
2014-01-13,135.89999389648438,136.5,125.0999984741211,125.1500015258789,110.03609466552734,204,PONNIERODE,,,Ponni Sugars (Erode) Limited
2014-01-14,131.39999389648438,131.39999389648438,125.0,125.5,110.34381866455078,804,PONNIERODE,,,Ponni Sugars (Erode) Limited
2014-01-15,125.0,125.0,120.0999984741211,120.0999984741211,105.59596252441406,18,PONNIERODE,,,Ponni Sugars (Erode) Limited
2014-01-16,124.9000015258789,124.9499969482422,116.0999984741211,116.0999984741211,102.07901763916016,23,PONNIERODE,,,Ponni Sugars (Erode) Limited
2014-01-17,116.0999984741211,119.5500030517578,116.0,116.0,101.99109649658205,54,PONNIERODE,,,Ponni Sugars (Erode) Limited
2014-01-20,115.25,116.0,110.3000030517578,110.6500015258789,97.28719329833984,53,PONNIERODE,,,Ponni Sugars (Erode) Limited
2014-01-21,110.6500015258789,116.1500015258789,108.0500030517578,108.0500030517578,95.0011978149414,16,PONNIERODE,,,Ponni Sugars (Erode) Limited
2014-01-22,106.1999969482422,106.1999969482422,106.1999969482422,106.1999969482422,93.37460327148438,40,PONNIERODE,,,Ponni Sugars (Erode) Limited
2014-01-23,102.0,111.1500015258789,100.9000015258789,111.1500015258789,97.7268295288086,389,PONNIERODE,,,Ponni Sugars (Erode) Limited
2014-01-24,105.5999984741211,105.5999984741211,105.5999984741211,105.5999984741211,92.84706115722656,205,PONNIERODE,,,Ponni Sugars (Erode) Limited
2014-01-27,105.5999984741211,105.5999984741211,103.0,105.5500030517578,92.8031234741211,295,PONNIERODE,,,Ponni Sugars (Erode) Limited
2014-01-28,100.3000030517578,109.9499969482422,100.3000030517578,105.0,92.3195343017578,180,PONNIERODE,,,Ponni Sugars (Erode) Limited
2014-01-29,105.0,105.0,100.0,100.3000030517578,88.1871337890625,293,PONNIERODE,,,Ponni Sugars (Erode) Limited
2014-01-30,103.6500015258789,103.6500015258789,103.5500030517578,103.6500015258789,91.132568359375,150,PONNIERODE,,,Ponni Sugars (Erode) Limited
2014-01-31,103.6500015258789,108.8000030517578,100.0,103.0,90.56106567382812,219,PONNIERODE,,,Ponni Sugars (Erode) Limited
2014-02-03,103.0,103.0,103.0,103.0,90.56106567382812,0,PONNIERODE,,,Ponni Sugars (Erode) Limited
2014-02-04,99.0,103.0,99.0,103.0,90.56106567382812,33,PONNIERODE,,,Ponni Sugars (Erode) Limited
2014-02-05,103.0,105.0,97.8499984741211,104.5500030517578,91.92388153076172,508,PONNIERODE,,,Ponni Sugars (Erode) Limited
2014-02-06,105.0,108.6500015258789,105.0,108.6500015258789,95.52873992919922,405,PONNIERODE,,,Ponni Sugars (Erode) Limited
2014-02-07,103.25,103.25,103.25,103.25,90.78086853027344,200,PONNIERODE,,,Ponni Sugars (Erode) Limited
2014-02-10,103.25,105.0,98.0999984741211,98.0999984741211,86.25282287597656,213,PONNIERODE,,,Ponni Sugars (Erode) Limited
2014-02-11,98.0999984741211,98.0999984741211,93.1999969482422,93.1999969482422,81.944580078125,480,PONNIERODE,,,Ponni Sugars (Erode) Limited
2014-02-12,96.5,97.8499984741211,93.0,94.0,82.64796447753906,387,PONNIERODE,,,Ponni Sugars (Erode) Limited
2014-02-13,94.0,97.0,90.05000305175781,96.0500030517578,84.45038604736328,28,PONNIERODE,,,Ponni Sugars (Erode) Limited
2014-02-14,96.0500030517578,96.0500030517578,96.0500030517578,96.0500030517578,84.45038604736328,0,PONNIERODE,,,Ponni Sugars (Erode) Limited
2014-02-17,91.5999984741211,91.5999984741211,91.25,91.25,80.23006439208984,410,PONNIERODE,,,Ponni Sugars (Erode) Limited
2014-02-18,91.25,91.25,87.0999984741211,87.0999984741211,76.58125305175781,154,PONNIERODE,,,Ponni Sugars (Erode) Limited
2014-02-19,91.3499984741211,91.4499969482422,91.3499984741211,91.4499969482422,80.40591430664062,16,PONNIERODE,,,Ponni Sugars (Erode) Limited
2014-02-20,91.5,95.0,91.5,95.0,83.52720642089844,5,PONNIERODE,,,Ponni Sugars (Erode) Limited
2014-02-21,99.4000015258789,99.4499969482422,90.25,99.0,87.04412841796875,545,PONNIERODE,,,Ponni Sugars (Erode) Limited
2014-02-24,99.0,103.9000015258789,99.0,103.9000015258789,91.35237121582033,20,PONNIERODE,,,Ponni Sugars (Erode) Limited
2014-02-25,103.9000015258789,103.9000015258789,103.9000015258789,103.9000015258789,91.35237121582033,50,PONNIERODE,,,Ponni Sugars (Erode) Limited
2014-02-26,103.9000015258789,103.9000015258789,103.9000015258789,103.9000015258789,91.35237121582033,0,PONNIERODE,,,Ponni Sugars (Erode) Limited
2014-02-28,108.5,108.5,105.0,105.0,92.3195343017578,11,PONNIERODE,,,Ponni Sugars (Erode) Limited
2014-03-03,99.75,99.9499969482422,99.75,99.75,87.70355987548828,65,PONNIERODE,,,Ponni Sugars (Erode) Limited
2014-03-04,103.9000015258789,103.9000015258789,103.9000015258789,103.9000015258789,91.35237121582033,1,PONNIERODE,,,Ponni Sugars (Erode) Limited
2014-03-05,105.0,105.0,105.0,105.0,92.3195343017578,60,PONNIERODE,,,Ponni Sugars (Erode) Limited
2014-03-06,99.75,104.0,99.75,104.0,91.44029998779295,111,PONNIERODE,,,Ponni Sugars (Erode) Limited
2014-03-07,103.9499969482422,103.9499969482422,95.0,95.4499969482422,83.92284393310547,141,PONNIERODE,,,Ponni Sugars (Erode) Limited
2014-03-10,95.5500030517578,97.5,95.4499969482422,96.8000030517578,85.10981750488281,306,PONNIERODE,,,Ponni Sugars (Erode) Limited
2014-03-11,100.0,100.0,98.0,98.0,86.1648941040039,3,PONNIERODE,,,Ponni Sugars (Erode) Limited
2014-03-12,91.0,98.0,90.05000305175781,97.0500030517578,85.32962036132812,291,PONNIERODE,,,Ponni Sugars (Erode) Limited
2014-03-13,92.1999969482422,106.75,92.1500015258789,106.3499984741211,93.50650024414062,999,PONNIERODE,,,Ponni Sugars (Erode) Limited
2014-03-14,98.0999984741211,116.9499969482422,98.0500030517578,113.75,100.01282501220705,838,PONNIERODE,,,Ponni Sugars (Erode) Limited
2014-03-18,113.75,125.0999984741211,113.75,123.6500015258789,108.71723175048828,1028,PONNIERODE,,,Ponni Sugars (Erode) Limited
2014-03-19,124.8000030517578,129.8000030517578,121.0999984741211,126.4499969482422,111.17908477783205,563,PONNIERODE,,,Ponni Sugars (Erode) Limited
2014-03-20,126.4499969482422,132.75,120.25,121.1500015258789,106.51914978027344,2478,PONNIERODE,,,Ponni Sugars (Erode) Limited
2014-03-21,126.0,126.6999969482422,120.5,122.75,107.92593383789062,814,PONNIERODE,,,Ponni Sugars (Erode) Limited
2014-03-24,114.1999969482422,119.0,114.1999969482422,117.5,103.30994415283205,307,PONNIERODE,,,Ponni Sugars (Erode) Limited
2014-03-25,111.8000030517578,119.75,111.6500015258789,112.1999969482422,98.65000915527344,517,PONNIERODE,,,Ponni Sugars (Erode) Limited
2014-03-26,112.5500030517578,112.5500030517578,107.1999969482422,107.3000030517578,94.3417739868164,260,PONNIERODE,,,Ponni Sugars (Erode) Limited
2014-03-27,103.1500015258789,112.6500015258789,103.1500015258789,104.5,91.8799057006836,3785,PONNIERODE,,,Ponni Sugars (Erode) Limited
2014-03-28,99.4000015258789,103.0500030517578,99.4000015258789,103.0500030517578,90.6050262451172,2003,PONNIERODE,,,Ponni Sugars (Erode) Limited
2014-03-31,108.1999969482422,108.1999969482422,98.0,98.3000030517578,86.42866516113281,14153,PONNIERODE,,,Ponni Sugars (Erode) Limited
2014-04-01,103.1999969482422,103.1999969482422,100.5,103.1999969482422,90.73689270019533,1118,PONNIERODE,,,Ponni Sugars (Erode) Limited
2014-04-02,108.3499984741211,108.3499984741211,108.3499984741211,108.3499984741211,95.26496124267578,10,PONNIERODE,,,Ponni Sugars (Erode) Limited
2014-04-03,112.0,113.75,109.25,113.75,100.01282501220705,76,PONNIERODE,,,Ponni Sugars (Erode) Limited
2014-04-04,118.0,118.0,117.8000030517578,118.0,103.74957275390624,325,PONNIERODE,,,Ponni Sugars (Erode) Limited
2014-04-07,123.9000015258789,123.9000015258789,115.0999984741211,115.0999984741211,101.19979095458984,155,PONNIERODE,,,Ponni Sugars (Erode) Limited
2014-04-09,110.0500030517578,120.0,110.0500030517578,120.0,105.50802612304688,37,PONNIERODE,,,Ponni Sugars (Erode) Limited
2014-04-10,115.0999984741211,119.9499969482422,114.0,114.0,100.23262786865234,442,PONNIERODE,,,Ponni Sugars (Erode) Limited
2014-04-11,112.0,117.9000015258789,110.0,117.9000015258789,103.6616439819336,170,PONNIERODE,,,Ponni Sugars (Erode) Limited
2014-04-15,117.5,117.5,115.1999969482422,117.5,103.30994415283205,173,PONNIERODE,,,Ponni Sugars (Erode) Limited
2014-04-16,117.5,117.5,117.5,117.5,103.30994415283205,0,PONNIERODE,,,Ponni Sugars (Erode) Limited
2014-04-17,117.5,117.5,117.5,117.5,103.30994415283205,0,PONNIERODE,,,Ponni Sugars (Erode) Limited
2014-04-21,117.0,117.0,115.0,115.0,101.11187744140624,250,PONNIERODE,,,Ponni Sugars (Erode) Limited
2014-04-22,116.0,116.0,115.0999984741211,115.0999984741211,101.19979095458984,180,PONNIERODE,,,Ponni Sugars (Erode) Limited
2014-04-23,110.1500015258789,119.0,110.1500015258789,119.0,104.62879943847656,246,PONNIERODE,,,Ponni Sugars (Erode) Limited
2014-04-24,119.0,119.0,119.0,119.0,104.62879943847656,0,PONNIERODE,,,Ponni Sugars (Erode) Limited
2014-04-25,120.0,120.0,119.0,119.0,104.62879943847656,3,PONNIERODE,,,Ponni Sugars (Erode) Limited
2014-04-28,115.0,115.0,115.0,115.0,101.11187744140624,206,PONNIERODE,,,Ponni Sugars (Erode) Limited
2014-04-29,119.0,120.75,116.0500030517578,116.0500030517578,102.03506469726562,728,PONNIERODE,,,Ponni Sugars (Erode) Limited
2014-04-30,112.0,120.0,111.25,120.0,105.50802612304688,124,PONNIERODE,,,Ponni Sugars (Erode) Limited
2014-05-02,115.0,120.0,115.0,120.0,105.50802612304688,115,PONNIERODE,,,Ponni Sugars (Erode) Limited
2014-05-05,115.0500030517578,123.3000030517578,115.0500030517578,115.3000030517578,101.37564086914062,208,PONNIERODE,,,Ponni Sugars (Erode) Limited
2014-05-06,115.25,115.25,115.25,115.25,101.33167266845705,10,PONNIERODE,,,Ponni Sugars (Erode) Limited
2014-05-07,116.0,121.0,112.0500030517578,115.1500015258789,101.2437515258789,612,PONNIERODE,,,Ponni Sugars (Erode) Limited
2014-05-08,120.9000015258789,120.9000015258789,120.0,120.0,105.50802612304688,102,PONNIERODE,,,Ponni Sugars (Erode) Limited
2014-05-09,124.75,126.0,115.0,124.3499984741211,109.33270263671876,2041,PONNIERODE,,,Ponni Sugars (Erode) Limited
2014-05-12,130.0,130.0,120.0,120.0,105.50802612304688,521,PONNIERODE,,,Ponni Sugars (Erode) Limited
2014-05-13,114.5999984741211,121.5,114.5999984741211,116.6500015258789,102.56260681152344,779,PONNIERODE,,,Ponni Sugars (Erode) Limited
2014-05-14,118.5,121.0,115.1500015258789,119.0,104.62879943847656,271,PONNIERODE,,,Ponni Sugars (Erode) Limited
2014-05-15,116.0,121.9499969482422,115.5,115.75,101.77129364013672,241,PONNIERODE,,,Ponni Sugars (Erode) Limited
2014-05-16,111.0500030517578,121.5,111.0500030517578,120.0500030517578,105.552001953125,759,PONNIERODE,,,Ponni Sugars (Erode) Limited
2014-05-19,118.0,126.0500030517578,117.1999969482422,117.3000030517578,103.13410949707033,2240,PONNIERODE,,,Ponni Sugars (Erode) Limited
2014-05-20,121.0,123.1500015258789,121.0,123.1500015258789,108.2776107788086,107,PONNIERODE,,,Ponni Sugars (Erode) Limited
2014-05-21,123.5999984741211,123.5999984741211,123.5999984741211,123.5999984741211,108.67327117919922,67,PONNIERODE,,,Ponni Sugars (Erode) Limited
2014-05-22,129.75,129.75,129.75,129.75,114.08055114746094,70,PONNIERODE,,,Ponni Sugars (Erode) Limited
2014-05-23,130.0,136.1999969482422,128.0,128.0,112.54190826416016,503,PONNIERODE,,,Ponni Sugars (Erode) Limited
2014-05-26,126.0,134.0,126.0,134.0,117.81731414794922,371,PONNIERODE,,,Ponni Sugars (Erode) Limited
2014-05-27,127.5,130.0,127.5,129.0,113.42113494873048,199,PONNIERODE,,,Ponni Sugars (Erode) Limited
2014-05-28,125.0,135.0,125.0,135.0,118.696533203125,165,PONNIERODE,,,Ponni Sugars (Erode) Limited
2014-05-29,135.0,135.0,131.1999969482422,131.1999969482422,115.35545349121094,75,PONNIERODE,,,Ponni Sugars (Erode) Limited
2014-05-30,128.5,128.75,128.5,128.64999389648438,113.1134033203125,306,PONNIERODE,,,Ponni Sugars (Erode) Limited
2014-06-02,134.89999389648438,135.0,134.89999389648438,135.0,118.696533203125,230,PONNIERODE,,,Ponni Sugars (Erode) Limited
2014-06-03,140.0,140.0,136.5,136.5,120.01537322998048,450,PONNIERODE,,,Ponni Sugars (Erode) Limited
2014-06-04,141.75,141.8000030517578,141.75,141.8000030517578,124.67529296875,370,PONNIERODE,,,Ponni Sugars (Erode) Limited
2014-06-05,137.0,148.85000610351562,137.0,148.85000610351562,130.87393188476562,86,PONNIERODE,,,Ponni Sugars (Erode) Limited
2014-06-06,156.25,156.25,150.5,156.25,137.3802490234375,447,PONNIERODE,,,Ponni Sugars (Erode) Limited
2014-06-09,155.0,155.0,151.0500030517578,154.60000610351562,135.92950439453125,110,PONNIERODE,,,Ponni Sugars (Erode) Limited
2014-06-10,148.0,161.85000610351562,146.89999389648438,152.4499969482422,134.03915405273438,356,PONNIERODE,,,Ponni Sugars (Erode) Limited
2014-06-11,150.0,150.0,150.0,150.0,131.8850555419922,1,PONNIERODE,,,Ponni Sugars (Erode) Limited
2014-06-12,157.5,157.5,144.60000610351562,145.10000610351562,127.57679748535156,62,PONNIERODE,,,Ponni Sugars (Erode) Limited
2014-06-13,145.10000610351562,150.0,145.10000610351562,145.6999969482422,128.10433959960938,137,PONNIERODE,,,Ponni Sugars (Erode) Limited
2014-06-16,140.0,150.0,140.0,150.0,131.8850555419922,80,PONNIERODE,,,Ponni Sugars (Erode) Limited
2014-06-17,147.64999389648438,151.0,147.64999389648438,151.0,132.7642822265625,150,PONNIERODE,,,Ponni Sugars (Erode) Limited
2014-06-18,147.9499969482422,154.9499969482422,145.64999389648438,154.64999389648438,135.97348022460938,1407,PONNIERODE,,,Ponni Sugars (Erode) Limited
2014-06-19,149.8000030517578,158.0,149.8000030517578,153.0,134.5227508544922,346,PONNIERODE,,,Ponni Sugars (Erode) Limited
2014-06-20,159.89999389648438,159.89999389648438,150.25,153.3000030517578,134.78651428222656,212,PONNIERODE,,,Ponni Sugars (Erode) Limited
2014-06-23,151.9499969482422,159.75,151.9499969482422,156.14999389648438,137.29234313964844,1169,PONNIERODE,,,Ponni Sugars (Erode) Limited
2014-06-24,163.9499969482422,163.9499969482422,163.9499969482422,163.9499969482422,144.15036010742188,586,PONNIERODE,,,Ponni Sugars (Erode) Limited
2014-06-25,171.0,172.10000610351562,165.0,168.60000610351562,148.23880004882812,1369,PONNIERODE,,,Ponni Sugars (Erode) Limited
2014-06-26,175.9499969482422,176.0,161.0500030517578,166.14999389648438,146.08468627929688,296,PONNIERODE,,,Ponni Sugars (Erode) Limited
2014-06-27,160.0500030517578,174.4499969482422,160.0500030517578,165.14999389648438,145.20541381835938,899,PONNIERODE,,,Ponni Sugars (Erode) Limited
2014-06-30,166.0,166.0,166.0,166.0,145.95277404785156,3,PONNIERODE,,,Ponni Sugars (Erode) Limited
2014-07-01,164.9499969482422,165.0,157.6999969482422,159.39999389648438,140.14984130859375,204,PONNIERODE,,,Ponni Sugars (Erode) Limited
2014-07-02,154.0,154.0,153.5,153.5500030517578,135.00634765625,120,PONNIERODE,,,Ponni Sugars (Erode) Limited
2014-07-03,158.60000610351562,159.4499969482422,152.0,152.0,133.6435089111328,201,PONNIERODE,,,Ponni Sugars (Erode) Limited
2014-07-04,158.8000030517578,158.8000030517578,158.8000030517578,158.8000030517578,139.622314453125,1,PONNIERODE,,,Ponni Sugars (Erode) Limited
2014-07-07,153.0,153.0,153.0,153.0,134.5227508544922,10,PONNIERODE,,,Ponni Sugars (Erode) Limited
2014-07-08,151.0500030517578,159.85000610351562,151.0500030517578,159.85000610351562,140.54551696777344,45,PONNIERODE,,,Ponni Sugars (Erode) Limited
2014-07-09,159.85000610351562,159.85000610351562,159.85000610351562,159.85000610351562,140.54551696777344,0,PONNIERODE,,,Ponni Sugars (Erode) Limited
2014-07-10,157.0,157.0,157.0,157.0,138.0396728515625,162,PONNIERODE,,,Ponni Sugars (Erode) Limited
2014-07-11,164.85000610351562,164.85000610351562,162.0,164.85000610351562,144.94168090820312,1394,PONNIERODE,,,Ponni Sugars (Erode) Limited
2014-07-14,173.0,173.0500030517578,173.0,173.0500030517578,152.15139770507812,515,PONNIERODE,,,Ponni Sugars (Erode) Limited
2014-07-15,170.0500030517578,170.14999389648438,170.0500030517578,170.14999389648438,150.12210083007812,10,PONNIERODE,,,Ponni Sugars (Erode) Limited
2014-07-16,163.0,175.0,163.0,171.0500030517578,151.45022583007812,266,PONNIERODE,,,Ponni Sugars (Erode) Limited
2014-07-17,166.0,167.0,166.0,166.8000030517578,147.68722534179688,45,PONNIERODE,,,Ponni Sugars (Erode) Limited
2014-07-18,165.0,174.8000030517578,165.0,165.0,146.0934600830078,11,PONNIERODE,,,Ponni Sugars (Erode) Limited
2014-07-21,165.0,165.0,165.0,165.0,146.0934600830078,0,PONNIERODE,,,Ponni Sugars (Erode) Limited
2014-07-22,160.0,160.0,160.0,160.0,141.66641235351562,12,PONNIERODE,,,Ponni Sugars (Erode) Limited
2014-07-23,168.0,168.0,168.0,168.0,148.74972534179688,164,PONNIERODE,,,Ponni Sugars (Erode) Limited
2014-07-24,168.0,170.0,168.0,170.0,150.52053833007812,150,PONNIERODE,,,Ponni Sugars (Erode) Limited
2014-07-25,175.0,175.0,175.0,175.0,154.9476318359375,10,PONNIERODE,,,Ponni Sugars (Erode) Limited
2014-07-28,166.3000030517578,166.3000030517578,166.3000030517578,166.3000030517578,147.24452209472656,50,PONNIERODE,,,Ponni Sugars (Erode) Limited
2014-07-30,166.3000030517578,166.3000030517578,166.3000030517578,166.3000030517578,147.24452209472656,0,PONNIERODE,,,Ponni Sugars (Erode) Limited
2014-07-31,166.3000030517578,166.3000030517578,166.3000030517578,166.3000030517578,147.24452209472656,0,PONNIERODE,,,Ponni Sugars (Erode) Limited
2014-08-01,166.35000610351562,166.35000610351562,160.0500030517578,160.0500030517578,141.71067810058594,40,PONNIERODE,,,Ponni Sugars (Erode) Limited
2014-08-04,155.0,155.0,154.0,154.5,136.796630859375,102,PONNIERODE,,,Ponni Sugars (Erode) Limited
2014-08-05,150.5,160.0,150.0,150.0,132.812255859375,639,PONNIERODE,,,Ponni Sugars (Erode) Limited
2014-08-06,157.5,157.5,157.5,157.5,139.452880859375,20,PONNIERODE,,,Ponni Sugars (Erode) Limited
2014-08-07,160.0,160.0,150.10000610351562,155.0,137.23931884765625,150,PONNIERODE,,,Ponni Sugars (Erode) Limited
2014-08-08,150.1999969482422,162.35000610351562,150.14999389648438,158.6999969482422,140.51535034179688,1059,PONNIERODE,,,Ponni Sugars (Erode) Limited
2014-08-11,153.10000610351562,166.60000610351562,153.10000610351562,166.60000610351562,147.51014709472656,1496,PONNIERODE,,,Ponni Sugars (Erode) Limited
2014-08-12,162.5500030517578,174.89999389648438,162.5,168.5,149.19241333007812,2009,PONNIERODE,,,Ponni Sugars (Erode) Limited
2014-08-13,173.89999389648438,175.1999969482422,165.25,173.1999969482422,153.3538818359375,1603,PONNIERODE,,,Ponni Sugars (Erode) Limited
2014-08-14,165.0500030517578,179.0,164.75,179.0,158.48928833007812,1470,PONNIERODE,,,Ponni Sugars (Erode) Limited
2014-08-18,170.5500030517578,180.0,170.4499969482422,171.0500030517578,151.45022583007812,724,PONNIERODE,,,Ponni Sugars (Erode) Limited
2014-08-19,171.0,178.0,169.75,178.0,157.60385131835938,1415,PONNIERODE,,,Ponni Sugars (Erode) Limited
2014-08-20,170.1999969482422,178.0,170.0,178.0,157.60385131835938,135,PONNIERODE,,,Ponni Sugars (Erode) Limited
2014-08-21,170.0,177.3000030517578,170.0,172.35000610351562,152.60125732421875,235,PONNIERODE,,,Ponni Sugars (Erode) Limited
2014-08-22,169.25,174.64999389648438,169.25,174.64999389648438,154.63771057128906,1163,PONNIERODE,,,Ponni Sugars (Erode) Limited
2014-08-25,167.35000610351562,180.0,167.35000610351562,172.5500030517578,152.7783660888672,3691,PONNIERODE,,,Ponni Sugars (Erode) Limited
2014-08-26,172.0500030517578,172.0500030517578,172.0,172.0,152.29139709472656,106,PONNIERODE,,,Ponni Sugars (Erode) Limited
2014-08-27,171.5,178.0,171.35000610351562,172.5,152.73410034179688,1459,PONNIERODE,,,Ponni Sugars (Erode) Limited
2014-08-28,179.89999389648438,179.89999389648438,179.0,179.0,158.48928833007812,13,PONNIERODE,,,Ponni Sugars (Erode) Limited
2014-09-01,187.0,187.0,171.60000610351562,177.5,157.16116333007812,45,PONNIERODE,,,Ponni Sugars (Erode) Limited
2014-09-02,172.14999389648438,186.0,172.10000610351562,183.6999969482422,162.65074157714844,610,PONNIERODE,,,Ponni Sugars (Erode) Limited
2014-09-03,176.0,180.0,174.60000610351562,177.75,157.38250732421875,285,PONNIERODE,,,Ponni Sugars (Erode) Limited
2014-09-04,172.6999969482422,181.9499969482422,172.6999969482422,181.9499969482422,161.10125732421875,125,PONNIERODE,,,Ponni Sugars (Erode) Limited
2014-09-05,179.0,185.0,172.25,173.6999969482422,153.7965850830078,439,PONNIERODE,,,Ponni Sugars (Erode) Limited
2014-09-08,173.6999969482422,173.6999969482422,172.3000030517578,172.35000610351562,152.60125732421875,207,PONNIERODE,,,Ponni Sugars (Erode) Limited
2014-09-09,187.9499969482422,187.9499969482422,173.5,173.5,153.61947631835938,152,PONNIERODE,,,Ponni Sugars (Erode) Limited
2014-09-10,182.8000030517578,182.8000030517578,182.8000030517578,182.8000030517578,161.85386657714844,2,PONNIERODE,,,Ponni Sugars (Erode) Limited
2014-09-11,172.4499969482422,179.9499969482422,172.35000610351562,179.9499969482422,159.3304443359375,363,PONNIERODE,,,Ponni Sugars (Erode) Limited
2014-09-12,175.0500030517578,180.0,175.0500030517578,175.64999389648438,155.5231170654297,696,PONNIERODE,,,Ponni Sugars (Erode) Limited
2014-09-15,175.0,175.0,172.10000610351562,172.5500030517578,152.7783660888672,1667,PONNIERODE,,,Ponni Sugars (Erode) Limited
2014-09-16,170.0500030517578,180.0,170.0500030517578,175.0,154.9476318359375,40,PONNIERODE,,,Ponni Sugars (Erode) Limited
2014-09-17,170.0,179.0,170.0,179.0,158.48928833007812,1064,PONNIERODE,,,Ponni Sugars (Erode) Limited
2014-09-18,178.0,180.9499969482422,178.0,180.9499969482422,160.2158203125,15,PONNIERODE,,,Ponni Sugars (Erode) Limited
2014-09-19,164.5500030517578,179.9499969482422,164.5,171.35000610351562,151.71588134765625,137,PONNIERODE,,,Ponni Sugars (Erode) Limited
2014-09-22,171.3000030517578,178.4499969482422,168.5,169.9499969482422,150.47628784179688,1025,PONNIERODE,,,Ponni Sugars (Erode) Limited
2014-09-23,168.0,183.4499969482422,165.0,169.10000610351562,149.72369384765625,521,PONNIERODE,,,Ponni Sugars (Erode) Limited
2014-09-24,173.0,173.0,173.0,173.0,153.17678833007812,6,PONNIERODE,,,Ponni Sugars (Erode) Limited
2014-09-25,166.35000610351562,166.35000610351562,166.35000610351562,166.35000610351562,147.28878784179688,619,PONNIERODE,,,Ponni Sugars (Erode) Limited
2014-09-26,166.0,173.0,163.0,172.9499969482422,153.1324920654297,1185,PONNIERODE,,,Ponni Sugars (Erode) Limited
2014-09-29,173.0,190.1999969482422,173.0,190.1999969482422,168.40591430664062,1623,PONNIERODE,,,Ponni Sugars (Erode) Limited
2014-09-30,209.0,209.1999969482422,201.1000061035156,202.0,178.85382080078125,809,PONNIERODE,,,Ponni Sugars (Erode) Limited
2014-10-01,210.0,222.0,200.0,221.1000061035156,195.7652740478516,948,PONNIERODE,,,Ponni Sugars (Erode) Limited
2014-10-07,216.0,232.0,216.0,231.75,205.1949157714844,1206,PONNIERODE,,,Ponni Sugars (Erode) Limited
2014-10-08,235.0,240.0,220.25,236.6999969482422,209.5777282714844,853,PONNIERODE,,,Ponni Sugars (Erode) Limited
2014-10-09,240.0,240.0,239.9499969482422,239.9499969482422,212.455307006836,20,PONNIERODE,,,Ponni Sugars (Erode) Limited
2014-10-10,244.8999938964844,251.0,228.0,236.6499938964844,209.533447265625,41807,PONNIERODE,,,Ponni Sugars (Erode) Limited
2014-10-13,236.6999969482422,236.6999969482422,224.8500061035156,224.8500061035156,199.0855407714844,42527,PONNIERODE,,,Ponni Sugars (Erode) Limited
2014-10-14,213.6999969482422,213.6999969482422,213.6499938964844,213.6499938964844,189.1688995361328,179,PONNIERODE,,,Ponni Sugars (Erode) Limited
2014-10-15,213.6499938964844,213.6499938964844,213.6499938964844,213.6499938964844,189.1688995361328,0,PONNIERODE,,,Ponni Sugars (Erode) Limited
2014-10-16,213.6499938964844,213.6499938964844,203.0,203.0,179.73922729492188,367,PONNIERODE,,,Ponni Sugars (Erode) Limited
2014-10-17,209.5,209.5,192.8500061035156,192.8500061035156,170.75228881835938,89,PONNIERODE,,,Ponni Sugars (Erode) Limited
2014-10-20,185.1000061035156,196.8999938964844,183.25,183.25,162.2522735595703,408,PONNIERODE,,,Ponni Sugars (Erode) Limited
2014-10-21,174.14999389648438,187.0,174.10000610351562,174.10000610351562,154.15074157714844,275,PONNIERODE,,,Ponni Sugars (Erode) Limited
2014-10-22,166.39999389648438,180.3999938964844,165.39999389648438,166.25,147.20025634765625,6360,PONNIERODE,,,Ponni Sugars (Erode) Limited
2014-10-27,165.0,166.0,155.10000610351562,156.85000610351562,138.87733459472656,41724,PONNIERODE,,,Ponni Sugars (Erode) Limited
2014-10-28,163.0,163.9499969482422,154.0,155.25,137.46067810058594,29278,PONNIERODE,,,Ponni Sugars (Erode) Limited
2014-10-29,162.89999389648438,162.9499969482422,162.89999389648438,162.89999389648438,144.23406982421875,14,PONNIERODE,,,Ponni Sugars (Erode) Limited
2014-10-30,158.5,171.0,157.3000030517578,163.4499969482422,144.7210693359375,1019,PONNIERODE,,,Ponni Sugars (Erode) Limited
2014-10-31,160.5,168.0,158.1999969482422,159.6999969482422,141.40078735351562,197,PONNIERODE,,,Ponni Sugars (Erode) Limited
2014-11-03,155.3000030517578,163.0,155.0,160.3000030517578,141.93203735351562,41335,PONNIERODE,,,Ponni Sugars (Erode) Limited
2014-11-05,165.0,165.89999389648438,152.9499969482422,159.8000030517578,141.48928833007812,155,PONNIERODE,,,Ponni Sugars (Erode) Limited
2014-11-07,156.0,161.85000610351562,156.0,158.89999389648438,140.69244384765625,1065,PONNIERODE,,,Ponni Sugars (Erode) Limited
2014-11-10,163.5,166.8000030517578,157.89999389648438,166.8000030517578,147.68722534179688,1364,PONNIERODE,,,Ponni Sugars (Erode) Limited
2014-11-11,164.8000030517578,167.0,164.8000030517578,165.0,146.0934600830078,125,PONNIERODE,,,Ponni Sugars (Erode) Limited
2014-11-12,165.0,172.0,165.0,170.3000030517578,150.78616333007812,283,PONNIERODE,,,Ponni Sugars (Erode) Limited
2014-11-13,162.14999389648438,173.89999389648438,162.10000610351562,164.85000610351562,145.9606475830078,1597,PONNIERODE,,,Ponni Sugars (Erode) Limited
2014-11-14,168.0,172.0,168.0,170.10000610351562,150.60906982421875,474,PONNIERODE,,,Ponni Sugars (Erode) Limited
2014-11-17,168.0500030517578,168.0500030517578,161.60000610351562,162.0500030517578,143.4814910888672,273,PONNIERODE,,,Ponni Sugars (Erode) Limited
2014-11-18,164.5,168.0,160.0500030517578,161.35000610351562,142.86170959472656,438,PONNIERODE,,,Ponni Sugars (Erode) Limited
2014-11-19,167.4499969482422,167.89999389648438,159.5,160.6999969482422,142.28619384765625,78,PONNIERODE,,,Ponni Sugars (Erode) Limited
2014-11-20,159.5,159.5,153.0500030517578,153.35000610351562,135.77838134765625,314,PONNIERODE,,,Ponni Sugars (Erode) Limited
2014-11-21,157.89999389648438,158.0,157.89999389648438,157.9499969482422,139.85130310058594,16,PONNIERODE,,,Ponni Sugars (Erode) Limited
2014-11-24,151.75,158.0,151.75,153.14999389648438,135.60130310058594,93,PONNIERODE,,,Ponni Sugars (Erode) Limited
2014-11-25,152.0500030517578,156.0,152.0500030517578,152.25,134.80442810058594,310,PONNIERODE,,,Ponni Sugars (Erode) Limited
2014-11-26,157.5,157.5,146.0,146.89999389648438,130.06744384765625,352,PONNIERODE,,,Ponni Sugars (Erode) Limited
2014-11-27,147.0500030517578,152.0,142.5,144.1999969482422,127.67683410644533,120313,PONNIERODE,,,Ponni Sugars (Erode) Limited
2014-11-28,146.0,151.39999389648438,137.0,151.35000610351562,134.007568359375,123427,PONNIERODE,,,Ponni Sugars (Erode) Limited
2014-12-01,152.0,152.0,144.0500030517578,144.0500030517578,127.54401397705078,703,PONNIERODE,,,Ponni Sugars (Erode) Limited
2014-12-02,138.0,142.0,137.0,139.75,123.73674774169922,1975,PONNIERODE,,,Ponni Sugars (Erode) Limited
2014-12-03,139.75,139.75,139.75,139.75,123.73674774169922,0,PONNIERODE,,,Ponni Sugars (Erode) Limited
2014-12-04,138.14999389648438,145.0,138.14999389648438,143.4499969482422,127.01277160644533,319,PONNIERODE,,,Ponni Sugars (Erode) Limited
2014-12-05,143.4499969482422,143.4499969482422,143.4499969482422,143.4499969482422,127.01277160644533,0,PONNIERODE,,,Ponni Sugars (Erode) Limited
2014-12-08,141.10000610351562,141.10000610351562,141.10000610351562,141.10000610351562,124.93207550048828,5,PONNIERODE,,,Ponni Sugars (Erode) Limited
2014-12-09,141.10000610351562,141.10000610351562,141.10000610351562,141.10000610351562,124.93207550048828,0,PONNIERODE,,,Ponni Sugars (Erode) Limited
2014-12-10,138.0,152.89999389648438,138.0,152.0,134.5830841064453,81,PONNIERODE,,,Ponni Sugars (Erode) Limited
2014-12-11,155.0,155.0,142.0500030517578,148.0,131.0414276123047,74,PONNIERODE,,,Ponni Sugars (Erode) Limited
2014-12-12,138.9499969482422,145.0,137.89999389648438,140.10000610351562,124.0466537475586,661,PONNIERODE,,,Ponni Sugars (Erode) Limited
2014-12-15,140.0,140.0,140.0,140.0,123.95809936523438,10,PONNIERODE,,,Ponni Sugars (Erode) Limited
2014-12-16,140.0,140.0,140.0,140.0,123.95809936523438,0,PONNIERODE,,,Ponni Sugars (Erode) Limited
2014-12-17,140.0,140.0,140.0,140.0,123.95809936523438,20,PONNIERODE,,,Ponni Sugars (Erode) Limited
2014-12-18,148.0,148.0,135.10000610351562,139.60000610351562,123.60393524169922,1947,PONNIERODE,,,Ponni Sugars (Erode) Limited
2014-12-19,137.3000030517578,137.39999389648438,137.3000030517578,137.39999389648438,121.6560287475586,13,PONNIERODE,,,Ponni Sugars (Erode) Limited
2014-12-22,143.0,144.9499969482422,127.4000015258789,143.10000610351562,126.702880859375,16,PONNIERODE,,,Ponni Sugars (Erode) Limited
2014-12-23,130.0500030517578,135.0,130.0,131.8000030517578,116.69770050048828,149,PONNIERODE,,,Ponni Sugars (Erode) Limited
2014-12-24,138.5,138.89999389648438,130.0,138.89999389648438,122.984130859375,16,PONNIERODE,,,Ponni Sugars (Erode) Limited
2014-12-26,132.0,144.5,130.0,136.0,120.41641998291016,470,PONNIERODE,,,Ponni Sugars (Erode) Limited
2014-12-29,131.0500030517578,131.0500030517578,130.0,130.10000610351562,115.19249725341795,190,PONNIERODE,,,Ponni Sugars (Erode) Limited
2014-12-30,130.10000610351562,142.5,130.10000610351562,130.5,115.5466537475586,41,PONNIERODE,,,Ponni Sugars (Erode) Limited
2014-12-31,130.5,130.5,130.5,130.5,115.5466537475586,0,PONNIERODE,,,Ponni Sugars (Erode) Limited
2015-01-01,141.89999389648438,142.0,141.89999389648438,142.0,125.72892761230467,22,PONNIERODE,,,Ponni Sugars (Erode) Limited
2015-01-02,136.0,140.0,130.0,140.0,123.95809936523438,180,PONNIERODE,,,Ponni Sugars (Erode) Limited
2015-01-05,139.8000030517578,164.4499969482422,139.75,140.25,124.17942810058594,2033,PONNIERODE,,,Ponni Sugars (Erode) Limited
2015-01-06,133.60000610351562,140.0,133.60000610351562,140.0,123.95809936523438,20,PONNIERODE,,,Ponni Sugars (Erode) Limited
2015-01-07,130.14999389648438,135.25,130.10000610351562,134.4499969482422,119.04403686523438,50321,PONNIERODE,,,Ponni Sugars (Erode) Limited
2015-01-08,134.4499969482422,152.9499969482422,132.0500030517578,150.0,132.812255859375,37050,PONNIERODE,,,Ponni Sugars (Erode) Limited
2015-01-09,145.0,157.0,144.0,157.0,139.01016235351562,72,PONNIERODE,,,Ponni Sugars (Erode) Limited
2015-01-12,146.14999389648438,156.85000610351562,146.14999389648438,150.0,132.812255859375,104,PONNIERODE,,,Ponni Sugars (Erode) Limited
2015-01-13,146.60000610351562,147.8000030517578,146.60000610351562,147.75,130.82005310058594,16,PONNIERODE,,,Ponni Sugars (Erode) Limited
2015-01-14,149.0,154.0,143.0,149.14999389648438,132.05963134765625,222,PONNIERODE,,,Ponni Sugars (Erode) Limited
2015-01-15,143.5,145.0,142.0,145.0,128.38516235351562,531,PONNIERODE,,,Ponni Sugars (Erode) Limited
2015-01-16,145.0,145.0,145.0,145.0,128.38516235351562,0,PONNIERODE,,,Ponni Sugars (Erode) Limited
2015-01-19,144.10000610351562,152.0,144.10000610351562,147.60000610351562,130.68724060058594,239,PONNIERODE,,,Ponni Sugars (Erode) Limited
2015-01-20,153.5,157.5,142.3000030517578,157.35000610351562,139.320068359375,1342,PONNIERODE,,,Ponni Sugars (Erode) Limited
2015-01-21,157.0,158.9499969482422,148.10000610351562,157.5,139.452880859375,529,PONNIERODE,,,Ponni Sugars (Erode) Limited
2015-01-22,168.25,168.25,149.0,149.0,131.92681884765625,100,PONNIERODE,,,Ponni Sugars (Erode) Limited
2015-01-23,144.10000610351562,159.5,143.60000610351562,143.60000610351562,127.14559936523438,190,PONNIERODE,,,Ponni Sugars (Erode) Limited
2015-01-27,149.0,149.0,133.0500030517578,144.0500030517578,127.54401397705078,294,PONNIERODE,,,Ponni Sugars (Erode) Limited
2015-01-28,153.5,170.0,145.0,166.0500030517578,147.02316284179688,1863,PONNIERODE,,,Ponni Sugars (Erode) Limited
2015-01-29,158.5,183.0,157.60000610351562,177.5500030517578,157.20542907714844,2751,PONNIERODE,,,Ponni Sugars (Erode) Limited
2015-01-30,169.0,211.9499969482422,167.14999389648438,177.64999389648438,157.2939453125,2300,PONNIERODE,,,Ponni Sugars (Erode) Limited
2015-02-02,177.0,196.0,152.5500030517578,166.60000610351562,147.51014709472656,1304,PONNIERODE,,,Ponni Sugars (Erode) Limited
2015-02-03,167.0,187.5,142.9499969482422,181.3000030517578,160.52574157714844,88042,PONNIERODE,,,Ponni Sugars (Erode) Limited
2015-02-04,193.0500030517578,205.0,171.5500030517578,183.1499938964844,162.1637420654297,1751,PONNIERODE,,,Ponni Sugars (Erode) Limited
2015-02-05,187.5,190.0,182.0500030517578,187.0500030517578,165.6168670654297,427,PONNIERODE,,,Ponni Sugars (Erode) Limited
2015-02-06,178.0,202.8999938964844,178.0,194.6499938964844,172.3460235595703,1548,PONNIERODE,,,Ponni Sugars (Erode) Limited
2015-02-09,202.1000061035156,215.0,172.85000610351562,194.6499938964844,172.3460235595703,1658,PONNIERODE,,,Ponni Sugars (Erode) Limited
2015-02-10,185.5500030517578,214.0,185.5500030517578,205.6999969482422,182.12985229492188,895,PONNIERODE,,,Ponni Sugars (Erode) Limited
2015-02-11,202.8999938964844,207.8999938964844,200.5,204.25,180.8459930419922,370,PONNIERODE,,,Ponni Sugars (Erode) Limited
2015-02-12,200.0,233.0,200.0,232.8000030517578,206.1246032714844,92836,PONNIERODE,,,Ponni Sugars (Erode) Limited
2015-02-13,247.0,247.0,215.5,228.5,202.3173065185547,1214,PONNIERODE,,,Ponni Sugars (Erode) Limited
2015-02-16,206.5,230.0,206.5,223.0500030517578,197.49180603027344,1031,PONNIERODE,,,Ponni Sugars (Erode) Limited
2015-02-18,207.5,228.5,207.5,225.3999938964844,199.57254028320312,730,PONNIERODE,,,Ponni Sugars (Erode) Limited
2015-02-19,218.0,247.0,212.1499938964844,221.3999938964844,196.0308532714844,40197,PONNIERODE,,,Ponni Sugars (Erode) Limited
2015-02-20,250.0,250.0,210.9499969482422,218.8999938964844,193.81735229492188,2624,PONNIERODE,,,Ponni Sugars (Erode) Limited
2015-02-23,221.8999938964844,222.0,217.0,218.5,193.46316528320312,128,PONNIERODE,,,Ponni Sugars (Erode) Limited
2015-02-24,218.5,234.5,209.1000061035156,210.0,185.9371490478516,141,PONNIERODE,,,Ponni Sugars (Erode) Limited
2015-02-25,219.8999938964844,219.8999938964844,202.0,206.6000061035156,182.92672729492188,142,PONNIERODE,,,Ponni Sugars (Erode) Limited
2015-02-26,204.0,224.0,192.0,209.1999969482422,185.2288055419922,1285,PONNIERODE,,,Ponni Sugars (Erode) Limited
2015-02-27,209.1999969482422,239.0,202.5,229.3500061035156,203.0699157714844,40832,PONNIERODE,,,Ponni Sugars (Erode) Limited
2015-03-02,210.0,241.0,210.0,236.1499938964844,209.0907440185547,44610,PONNIERODE,,,Ponni Sugars (Erode) Limited
2015-03-03,221.0,234.8000030517578,221.0,232.9499969482422,206.2574157714844,42253,PONNIERODE,,,Ponni Sugars (Erode) Limited
2015-03-04,229.0,232.0,210.0,216.6499938964844,191.8251495361328,2102,PONNIERODE,,,Ponni Sugars (Erode) Limited
2015-03-05,201.1000061035156,221.3999938964844,200.0,203.1499938964844,179.87205505371094,883,PONNIERODE,,,Ponni Sugars (Erode) Limited
2015-03-09,199.9499969482422,237.0,198.0,236.1499938964844,209.0907440185547,35696,PONNIERODE,,,Ponni Sugars (Erode) Limited
2015-03-10,225.0,235.0,220.0500030517578,232.8999938964844,206.213119506836,41758,PONNIERODE,,,Ponni Sugars (Erode) Limited
2015-03-11,222.0,222.0,188.0,192.5500030517578,170.48666381835938,2556,PONNIERODE,,,Ponni Sugars (Erode) Limited
2015-03-12,188.0,193.8999938964844,170.0,173.4499969482422,153.57522583007812,5044,PONNIERODE,,,Ponni Sugars (Erode) Limited
2015-03-13,165.0,178.9499969482422,161.0,161.4499969482422,142.95022583007812,952,PONNIERODE,,,Ponni Sugars (Erode) Limited
2015-03-16,171.4499969482422,171.4499969482422,150.1999969482422,155.25,137.46067810058594,680,PONNIERODE,,,Ponni Sugars (Erode) Limited
2015-03-17,146.89999389648438,164.39999389648438,140.1999969482422,144.9499969482422,128.34092712402344,1332,PONNIERODE,,,Ponni Sugars (Erode) Limited
2015-03-18,144.0,145.89999389648438,131.0,133.89999389648438,118.55706024169922,1003,PONNIERODE,,,Ponni Sugars (Erode) Limited
2015-03-19,142.89999389648438,146.0,136.14999389648438,140.0,123.95809936523438,878,PONNIERODE,,,Ponni Sugars (Erode) Limited
2015-03-20,132.0500030517578,137.25,130.0,135.35000610351562,119.8409194946289,504,PONNIERODE,,,Ponni Sugars (Erode) Limited
2015-03-23,125.0,127.5999984741211,121.8499984741211,122.0999984741211,108.10916900634766,1171,PONNIERODE,,,Ponni Sugars (Erode) Limited
2015-03-24,122.0999984741211,126.4000015258789,116.25,124.4499969482422,110.18988037109376,83302,PONNIERODE,,,Ponni Sugars (Erode) Limited
2015-03-25,118.5999984741211,127.8499984741211,118.3000030517578,118.4000015258789,104.83312225341795,43387,PONNIERODE,,,Ponni Sugars (Erode) Limited
2015-03-26,121.9499969482422,121.9499969482422,114.25,116.5,103.15084075927734,200,PONNIERODE,,,Ponni Sugars (Erode) Limited
2015-03-27,113.0500030517578,122.3000030517578,112.0,117.9000015258789,104.3904266357422,193371,PONNIERODE,,,Ponni Sugars (Erode) Limited
2015-03-30,117.9000015258789,123.75,117.9000015258789,123.5500030517578,109.3930206298828,266,PONNIERODE,,,Ponni Sugars (Erode) Limited
2015-03-31,121.0,129.6999969482422,120.5,129.6999969482422,114.83831787109376,10207,PONNIERODE,,,Ponni Sugars (Erode) Limited
2015-04-01,129.6999969482422,136.14999389648438,129.6999969482422,136.14999389648438,120.54925537109376,928,PONNIERODE,,,Ponni Sugars (Erode) Limited
2015-04-06,142.85000610351562,142.9499969482422,141.64999389648438,142.9499969482422,126.57006072998048,115,PONNIERODE,,,Ponni Sugars (Erode) Limited
2015-04-07,145.0,147.4499969482422,136.0,141.0,124.84349060058594,653,PONNIERODE,,,Ponni Sugars (Erode) Limited
2015-04-08,137.0500030517578,147.1999969482422,137.0500030517578,141.14999389648438,124.97631072998048,168,PONNIERODE,,,Ponni Sugars (Erode) Limited
2015-04-09,135.5500030517578,135.5500030517578,135.5500030517578,135.5500030517578,120.01801300048828,2,PONNIERODE,,,Ponni Sugars (Erode) Limited
2015-04-10,137.10000610351562,142.3000030517578,137.10000610351562,142.0,125.72892761230467,367,PONNIERODE,,,Ponni Sugars (Erode) Limited
2015-04-13,144.6999969482422,144.6999969482422,144.6999969482422,144.6999969482422,128.11953735351562,2,PONNIERODE,,,Ponni Sugars (Erode) Limited
2015-04-15,137.6999969482422,144.89999389648438,137.5,137.85000610351562,122.054443359375,1204,PONNIERODE,,,Ponni Sugars (Erode) Limited
2015-04-16,137.5,141.0,132.5,138.60000610351562,122.71852111816406,137,PONNIERODE,,,Ponni Sugars (Erode) Limited
2015-04-17,141.10000610351562,141.10000610351562,133.25,139.25,123.2940444946289,713,PONNIERODE,,,Ponni Sugars (Erode) Limited
2015-04-20,132.39999389648438,135.0,132.3000030517578,132.3000030517578,117.1404037475586,178,PONNIERODE,,,Ponni Sugars (Erode) Limited
2015-04-21,127.0500030517578,130.0,125.6999969482422,128.0,113.33311462402344,169,PONNIERODE,,,Ponni Sugars (Erode) Limited
2015-04-22,134.39999389648438,134.39999389648438,128.0,128.0,113.33311462402344,275,PONNIERODE,,,Ponni Sugars (Erode) Limited
2015-04-23,134.3000030517578,134.3000030517578,133.0,133.5,118.2029037475586,3,PONNIERODE,,,Ponni Sugars (Erode) Limited
2015-04-24,133.0,133.0,131.0,131.0,115.9893798828125,10,PONNIERODE,,,Ponni Sugars (Erode) Limited
2015-04-27,131.0,131.0,131.0,131.0,115.9893798828125,0,PONNIERODE,,,Ponni Sugars (Erode) Limited
2015-04-28,131.0,134.75,125.0500030517578,134.75,119.30967712402344,317,PONNIERODE,,,Ponni Sugars (Erode) Limited
2015-04-29,139.6999969482422,139.6999969482422,133.0,136.1999969482422,120.59352111816406,529,PONNIERODE,,,Ponni Sugars (Erode) Limited
2015-04-30,133.0,138.89999389648438,132.0,138.39999389648438,122.54143524169922,216,PONNIERODE,,,Ponni Sugars (Erode) Limited
2015-05-04,138.39999389648438,140.10000610351562,138.0,139.9499969482422,123.91384887695312,315,PONNIERODE,,,Ponni Sugars (Erode) Limited
2015-05-05,140.0,140.0,140.0,140.0,123.95809936523438,1,PONNIERODE,,,Ponni Sugars (Erode) Limited
2015-05-06,142.0,142.0,131.0,131.0,115.9893798828125,107,PONNIERODE,,,Ponni Sugars (Erode) Limited
2015-05-07,131.0,131.0,131.0,131.0,115.9893798828125,0,PONNIERODE,,,Ponni Sugars (Erode) Limited
2015-05-08,131.0,131.0,131.0,131.0,115.9893798828125,0,PONNIERODE,,,Ponni Sugars (Erode) Limited
2015-05-11,140.0,140.0,140.0,140.0,123.95809936523438,5,PONNIERODE,,,Ponni Sugars (Erode) Limited
2015-05-12,130.5,130.5,127.6999969482422,129.5,114.66123962402344,124,PONNIERODE,,,Ponni Sugars (Erode) Limited
2015-05-13,125.5,131.25,125.5,131.1999969482422,116.16644287109376,400,PONNIERODE,,,Ponni Sugars (Erode) Limited
2015-05-14,127.0500030517578,128.0,127.0500030517578,128.0,113.33311462402344,2,PONNIERODE,,,Ponni Sugars (Erode) Limited
2015-05-15,128.0,137.25,125.0,131.8000030517578,116.69770050048828,741,PONNIERODE,,,Ponni Sugars (Erode) Limited
2015-05-18,130.0500030517578,139.0,130.0500030517578,139.0,123.07267761230467,835,PONNIERODE,,,Ponni Sugars (Erode) Limited
2015-05-19,132.1999969482422,139.0,132.1999969482422,133.9499969482422,118.60133361816406,271,PONNIERODE,,,Ponni Sugars (Erode) Limited
2015-05-20,135.0,138.0,132.0,133.1999969482422,117.93727111816406,4267,PONNIERODE,,,Ponni Sugars (Erode) Limited
2015-05-21,139.0,139.0,139.0,139.0,123.07267761230467,50,PONNIERODE,,,Ponni Sugars (Erode) Limited
2015-05-22,132.0,139.89999389648438,132.0,132.4499969482422,117.27320861816406,153,PONNIERODE,,,Ponni Sugars (Erode) Limited
2015-05-25,138.3000030517578,145.5500030517578,135.5,143.14999389648438,126.74715423583984,200,PONNIERODE,,,Ponni Sugars (Erode) Limited
2015-05-26,143.0,145.5500030517578,136.0,141.0,124.84349060058594,235,PONNIERODE,,,Ponni Sugars (Erode) Limited
2015-05-27,142.0,144.0,140.0,140.0,123.95809936523438,101,PONNIERODE,,,Ponni Sugars (Erode) Limited
2015-05-28,140.0,140.0,140.0,140.0,123.95809936523438,0,PONNIERODE,,,Ponni Sugars (Erode) Limited
2015-05-29,119.0,140.89999389648438,119.0,133.3000030517578,118.02581787109376,82,PONNIERODE,,,Ponni Sugars (Erode) Limited
2015-06-01,121.0,145.0,121.0,133.0,117.76020050048828,165,PONNIERODE,,,Ponni Sugars (Erode) Limited
2015-06-02,132.5,134.89999389648438,132.5,133.1999969482422,117.93727111816406,414,PONNIERODE,,,Ponni Sugars (Erode) Limited
2015-06-03,132.5500030517578,132.5500030517578,132.5500030517578,132.5500030517578,117.3617706298828,100,PONNIERODE,,,Ponni Sugars (Erode) Limited
2015-06-04,119.5,137.5,119.5,134.25,118.86695098876952,90,PONNIERODE,,,Ponni Sugars (Erode) Limited
2015-06-05,130.0,131.0,130.0,131.0,115.9893798828125,141,PONNIERODE,,,Ponni Sugars (Erode) Limited
2015-06-08,127.0,132.0500030517578,127.0,132.0500030517578,116.91905212402344,305,PONNIERODE,,,Ponni Sugars (Erode) Limited
2015-06-09,127.0,128.0,127.0,128.0,113.33311462402344,90,PONNIERODE,,,Ponni Sugars (Erode) Limited
2015-06-10,148.5,149.0,130.0,133.5,118.2029037475586,824,PONNIERODE,,,Ponni Sugars (Erode) Limited
2015-06-11,132.5,139.89999389648438,132.5,139.4499969482422,123.47109985351562,256,PONNIERODE,,,Ponni Sugars (Erode) Limited
2015-06-12,130.0,134.9499969482422,130.0,132.6999969482422,117.49456787109376,355,PONNIERODE,,,Ponni Sugars (Erode) Limited
2015-06-15,132.0,138.5,132.0,138.5,122.62997436523438,355,PONNIERODE,,,Ponni Sugars (Erode) Limited
2015-06-16,132.0500030517578,132.0500030517578,131.0,131.0,115.9893798828125,20,PONNIERODE,,,Ponni Sugars (Erode) Limited
2015-06-17,157.0,157.0,132.0,140.14999389648438,124.09088897705078,298,PONNIERODE,,,Ponni Sugars (Erode) Limited
2015-06-18,135.0,140.0,134.0,134.8000030517578,119.35396575927734,248,PONNIERODE,,,Ponni Sugars (Erode) Limited
2015-06-19,134.8000030517578,134.8000030517578,134.8000030517578,134.8000030517578,119.35396575927734,0,PONNIERODE,,,Ponni Sugars (Erode) Limited
2015-06-22,135.0,135.0,135.0,135.0,119.53102111816406,1,PONNIERODE,,,Ponni Sugars (Erode) Limited
2015-06-23,132.10000610351562,132.75,130.0,131.9499969482422,116.83051300048828,612,PONNIERODE,,,Ponni Sugars (Erode) Limited
2015-06-24,130.0,143.8000030517578,130.0,138.89999389648438,122.984130859375,1050,PONNIERODE,,,Ponni Sugars (Erode) Limited
2015-06-25,130.0500030517578,134.89999389648438,130.0500030517578,132.25,117.09613037109376,134,PONNIERODE,,,Ponni Sugars (Erode) Limited
2015-06-26,130.0,133.0,130.0,132.0,116.8747787475586,260,PONNIERODE,,,Ponni Sugars (Erode) Limited
2015-06-29,130.0,132.5,130.0,132.5,117.31749725341795,122,PONNIERODE,,,Ponni Sugars (Erode) Limited
2015-06-30,139.89999389648438,139.89999389648438,130.0500030517578,132.3000030517578,117.1404037475586,174,PONNIERODE,,,Ponni Sugars (Erode) Limited
2015-07-01,110.9000015258789,139.89999389648438,110.9000015258789,135.0,119.53102111816406,555,PONNIERODE,,,Ponni Sugars (Erode) Limited
2015-07-02,132.0,132.0,132.0,132.0,116.8747787475586,21,PONNIERODE,,,Ponni Sugars (Erode) Limited
2015-07-03,137.89999389648438,137.89999389648438,134.0,134.0,118.64561462402344,110,PONNIERODE,,,Ponni Sugars (Erode) Limited
2015-07-06,130.0500030517578,130.0500030517578,130.0,130.0,115.10395050048828,65,PONNIERODE,,,Ponni Sugars (Erode) Limited
2015-07-07,130.14999389648438,134.0,130.0,132.0,116.8747787475586,457,PONNIERODE,,,Ponni Sugars (Erode) Limited
2015-07-08,127.0,137.0,123.0,136.0,120.41641998291016,517,PONNIERODE,,,Ponni Sugars (Erode) Limited
2015-07-09,125.9000015258789,136.0,125.9000015258789,135.25,119.75237274169922,314,PONNIERODE,,,Ponni Sugars (Erode) Limited
2015-07-10,132.5,139.0,131.0,132.10000610351562,116.9633331298828,462,PONNIERODE,,,Ponni Sugars (Erode) Limited
2015-07-13,132.0500030517578,132.0500030517578,132.0,132.0,116.8747787475586,2,PONNIERODE,,,Ponni Sugars (Erode) Limited
2015-07-14,134.10000610351562,139.8000030517578,130.0,132.5,117.31749725341795,66,PONNIERODE,,,Ponni Sugars (Erode) Limited
2015-07-15,130.0500030517578,137.0,130.0500030517578,135.85000610351562,120.28363800048828,253,PONNIERODE,,,Ponni Sugars (Erode) Limited
2015-07-16,136.10000610351562,136.10000610351562,136.10000610351562,136.10000610351562,120.50499725341795,25,PONNIERODE,,,Ponni Sugars (Erode) Limited
2015-07-17,149.89999389648438,149.89999389648438,132.14999389648438,132.14999389648438,117.00758361816406,161,PONNIERODE,,,Ponni Sugars (Erode) Limited
2015-07-20,131.0,138.89999389648438,131.0,131.35000610351562,116.2992706298828,477,PONNIERODE,,,Ponni Sugars (Erode) Limited
2015-07-21,137.0,137.0,130.0,130.0500030517578,115.1482162475586,646,PONNIERODE,,,Ponni Sugars (Erode) Limited
2015-07-22,130.0500030517578,130.0500030517578,130.0500030517578,130.0500030517578,115.1482162475586,0,PONNIERODE,,,Ponni Sugars (Erode) Limited
2015-07-23,135.39999389648438,141.8000030517578,127.0,133.0,117.76020050048828,9449,PONNIERODE,,,Ponni Sugars (Erode) Limited
2015-07-24,139.5,139.5,138.0,138.0,122.187255859375,2,PONNIERODE,,,Ponni Sugars (Erode) Limited
2015-07-27,135.9499969482422,149.0,130.39999389648438,147.6999969482422,130.7757568359375,1652,PONNIERODE,,,Ponni Sugars (Erode) Limited
2015-07-28,135.0500030517578,148.85000610351562,133.0,133.85000610351562,118.5128173828125,1654,PONNIERODE,,,Ponni Sugars (Erode) Limited
2015-07-29,131.0,154.0,131.0,139.85000610351562,123.8252944946289,989,PONNIERODE,,,Ponni Sugars (Erode) Limited
2015-07-30,137.0,142.0,137.0,141.10000610351562,124.93207550048828,256,PONNIERODE,,,Ponni Sugars (Erode) Limited
2015-07-31,142.0,143.89999389648438,136.5,143.8000030517578,127.32266235351562,951,PONNIERODE,,,Ponni Sugars (Erode) Limited
2015-08-03,136.0500030517578,143.0,136.0500030517578,143.0,126.61434173583984,221,PONNIERODE,,,Ponni Sugars (Erode) Limited
2015-08-04,143.0,143.0,143.0,143.0,126.61434173583984,0,PONNIERODE,,,Ponni Sugars (Erode) Limited
2015-08-05,135.0,171.60000610351562,123.9499969482422,171.60000610351562,151.93719482421875,4846,PONNIERODE,,,Ponni Sugars (Erode) Limited
2015-08-06,188.0,197.9499969482422,160.0500030517578,176.5,156.2757568359375,2502,PONNIERODE,,,Ponni Sugars (Erode) Limited
2015-08-07,186.3999938964844,186.3999938964844,165.0,176.35000610351562,156.14292907714844,448,PONNIERODE,,,Ponni Sugars (Erode) Limited
2015-08-10,170.0,176.5,170.0,170.0500030517578,150.5648193359375,2823,PONNIERODE,,,Ponni Sugars (Erode) Limited
2015-08-11,145.0,204.0,145.0,192.6000061035156,170.5309295654297,2073,PONNIERODE,,,Ponni Sugars (Erode) Limited
2015-08-12,195.0,201.1999969482422,183.0,183.6499938964844,162.60647583007812,764,PONNIERODE,,,Ponni Sugars (Erode) Limited
2015-08-13,185.5,185.5,176.5,179.0,158.48928833007812,661,PONNIERODE,,,Ponni Sugars (Erode) Limited
2015-08-14,189.8999938964844,190.0,170.0,183.8000030517578,162.73928833007812,116,PONNIERODE,,,Ponni Sugars (Erode) Limited
2015-08-17,180.0,188.0,180.0,185.25,164.0231170654297,14,PONNIERODE,,,Ponni Sugars (Erode) Limited
2015-08-18,196.5,196.9499969482422,180.0,191.4499969482422,169.51271057128906,153,PONNIERODE,,,Ponni Sugars (Erode) Limited
2015-08-19,180.5500030517578,181.8999938964844,171.6999969482422,177.25,156.93980407714844,380,PONNIERODE,,,Ponni Sugars (Erode) Limited
2015-08-20,169.0,170.10000610351562,169.0,170.0,150.52053833007812,146,PONNIERODE,,,Ponni Sugars (Erode) Limited
2015-08-21,165.0,172.0,159.0,172.0,152.29139709472656,52,PONNIERODE,,,Ponni Sugars (Erode) Limited
2015-08-24,165.0,174.1999969482422,140.0,145.25,128.6065216064453,1335,PONNIERODE,,,Ponni Sugars (Erode) Limited
2015-08-25,145.25,168.14999389648438,130.0,130.6999969482422,115.7237319946289,727,PONNIERODE,,,Ponni Sugars (Erode) Limited
2015-08-26,140.0,140.0,140.0,140.0,123.95809936523438,100,PONNIERODE,,,Ponni Sugars (Erode) Limited
2015-08-27,153.9499969482422,153.9499969482422,133.10000610351562,146.9499969482422,130.1117401123047,70,PONNIERODE,,,Ponni Sugars (Erode) Limited
2015-08-28,136.39999389648438,148.0,136.39999389648438,148.0,131.0414276123047,6,PONNIERODE,,,Ponni Sugars (Erode) Limited
2015-08-31,134.6999969482422,156.0,133.25,145.39999389648438,128.7393341064453,87,PONNIERODE,,,Ponni Sugars (Erode) Limited
2015-09-01,142.89999389648438,143.0,133.0,133.0,117.76020050048828,462,PONNIERODE,,,Ponni Sugars (Erode) Limited
2015-09-02,126.0999984741211,146.3000030517578,126.0999984741211,146.10000610351562,129.359130859375,742,PONNIERODE,,,Ponni Sugars (Erode) Limited
2015-09-03,152.0,152.0,145.0,145.0,128.38516235351562,65,PONNIERODE,,,Ponni Sugars (Erode) Limited
2015-09-04,151.89999389648438,152.0,133.5,144.25,127.72113800048828,154,PONNIERODE,,,Ponni Sugars (Erode) Limited
2015-09-07,153.89999389648438,154.0,145.0,145.5500030517578,128.87216186523438,376,PONNIERODE,,,Ponni Sugars (Erode) Limited
2015-09-08,140.0,140.5,140.0,140.25,124.17942810058594,4,PONNIERODE,,,Ponni Sugars (Erode) Limited
2015-09-09,153.5,153.5,140.5,144.89999389648438,128.29661560058594,753,PONNIERODE,,,Ponni Sugars (Erode) Limited
2015-09-10,144.89999389648438,144.89999389648438,144.89999389648438,144.89999389648438,128.29661560058594,0,PONNIERODE,,,Ponni Sugars (Erode) Limited
2015-09-11,144.89999389648438,144.89999389648438,144.89999389648438,144.89999389648438,128.29661560058594,0,PONNIERODE,,,Ponni Sugars (Erode) Limited
2015-09-14,140.10000610351562,140.10000610351562,140.10000610351562,140.10000610351562,124.0466537475586,44,PONNIERODE,,,Ponni Sugars (Erode) Limited
2015-09-15,141.0500030517578,141.0500030517578,141.0500030517578,141.0500030517578,124.88780212402344,110,PONNIERODE,,,Ponni Sugars (Erode) Limited
2015-09-16,138.0500030517578,143.8000030517578,138.0,140.0500030517578,124.00236511230467,301,PONNIERODE,,,Ponni Sugars (Erode) Limited
2015-09-18,140.0,140.0,140.0,140.0,123.95809936523438,1,PONNIERODE,,,Ponni Sugars (Erode) Limited
2015-09-21,140.0,154.0,140.0,153.1999969482422,135.64556884765625,521,PONNIERODE,,,Ponni Sugars (Erode) Limited
2015-09-22,168.35000610351562,168.5,155.5500030517578,164.10000610351562,145.29660034179688,228,PONNIERODE,,,Ponni Sugars (Erode) Limited
2015-09-23,161.0,173.25,161.0,165.0500030517578,146.1377410888672,128,PONNIERODE,,,Ponni Sugars (Erode) Limited
2015-09-24,162.1999969482422,173.89999389648438,162.14999389648438,162.14999389648438,143.57000732421875,324,PONNIERODE,,,Ponni Sugars (Erode) Limited
2015-09-28,173.89999389648438,173.89999389648438,152.5,158.39999389648438,140.2497100830078,252,PONNIERODE,,,Ponni Sugars (Erode) Limited
2015-09-29,158.25,159.60000610351562,158.25,159.60000610351562,141.312255859375,75,PONNIERODE,,,Ponni Sugars (Erode) Limited
2015-09-30,156.0500030517578,156.10000610351562,156.0500030517578,156.10000610351562,138.21327209472656,12,PONNIERODE,,,Ponni Sugars (Erode) Limited
2015-10-01,169.5,171.6999969482422,153.14999389648438,171.6999969482422,152.0257568359375,832,PONNIERODE,,,Ponni Sugars (Erode) Limited
2015-10-05,173.0,187.0,173.0,180.0,159.37469482421875,1086,PONNIERODE,,,Ponni Sugars (Erode) Limited
2015-10-06,195.0,216.0,190.0,209.3000030517578,185.31735229492188,1430,PONNIERODE,,,Ponni Sugars (Erode) Limited
2015-10-07,198.1000061035156,230.0,198.1000061035156,225.3999938964844,199.57254028320312,2827,PONNIERODE,,,Ponni Sugars (Erode) Limited
2015-10-08,223.0,223.0,215.0,217.0,192.13507080078125,217,PONNIERODE,,,Ponni Sugars (Erode) Limited
2015-10-09,230.0,230.0,215.0,220.0,194.7913055419922,238,PONNIERODE,,,Ponni Sugars (Erode) Limited
2015-10-12,213.0500030517578,213.0500030517578,209.75,209.75,185.7157745361328,23,PONNIERODE,,,Ponni Sugars (Erode) Limited
2015-10-13,210.0,215.0,210.0,210.0,185.9371490478516,460,PONNIERODE,,,Ponni Sugars (Erode) Limited
2015-10-14,201.5,205.0,201.5,202.5,179.29653930664062,141,PONNIERODE,,,Ponni Sugars (Erode) Limited
2015-10-15,210.1000061035156,220.75,201.3000030517578,202.6000061035156,179.3850860595703,321,PONNIERODE,,,Ponni Sugars (Erode) Limited
2015-10-16,221.6999969482422,221.6999969482422,217.8000030517578,217.8000030517578,192.8433990478516,2,PONNIERODE,,,Ponni Sugars (Erode) Limited
2015-10-19,210.0,214.0,205.0,205.1499938964844,181.6428680419922,472,PONNIERODE,,,Ponni Sugars (Erode) Limited
2015-10-20,203.1000061035156,213.25,203.1000061035156,211.0,186.82257080078125,100,PONNIERODE,,,Ponni Sugars (Erode) Limited
2015-10-21,217.8999938964844,220.0,210.0,210.0,185.9371490478516,45,PONNIERODE,,,Ponni Sugars (Erode) Limited
2015-10-23,210.0,210.0,202.0,205.0,181.51007080078125,129,PONNIERODE,,,Ponni Sugars (Erode) Limited
2015-10-26,205.0,210.0,201.5,209.9499969482422,185.89288330078125,870,PONNIERODE,,,Ponni Sugars (Erode) Limited
2015-10-27,202.5500030517578,238.0,202.5500030517578,220.6999969482422,195.4110870361328,356,PONNIERODE,,,Ponni Sugars (Erode) Limited
2015-10-28,210.0,224.0,204.0500030517578,214.5,189.9215087890625,387,PONNIERODE,,,Ponni Sugars (Erode) Limited
2015-10-29,210.0,220.0,205.0,206.3999938964844,182.7496490478516,381,PONNIERODE,,,Ponni Sugars (Erode) Limited
2015-10-30,200.0,219.8999938964844,187.0,192.1000061035156,170.0882110595703,219,PONNIERODE,,,Ponni Sugars (Erode) Limited
2015-11-02,209.5,224.8999938964844,185.1000061035156,217.1000061035156,192.22360229492188,1811,PONNIERODE,,,Ponni Sugars (Erode) Limited
2015-11-03,219.8999938964844,221.0,210.0,218.8999938964844,193.81735229492188,4140,PONNIERODE,,,Ponni Sugars (Erode) Limited
2015-11-04,203.5,228.4499969482422,203.5,215.0,190.36422729492188,2228,PONNIERODE,,,Ponni Sugars (Erode) Limited
2015-11-05,219.8999938964844,220.0,210.3500061035156,212.3500061035156,188.01788330078125,473,PONNIERODE,,,Ponni Sugars (Erode) Limited
2015-11-06,204.25,248.0,204.25,244.6999969482422,216.6610565185547,145983,PONNIERODE,,,Ponni Sugars (Erode) Limited
2015-11-09,242.8999938964844,244.0,210.0,211.5,187.2652740478516,4337,PONNIERODE,,,Ponni Sugars (Erode) Limited
2015-11-10,211.0,243.0,200.25,209.6000061035156,185.5829620361328,471,PONNIERODE,,,Ponni Sugars (Erode) Limited
2015-11-13,221.0,234.0,205.0,228.3999938964844,202.2287750244141,6811,PONNIERODE,,,Ponni Sugars (Erode) Limited
2015-11-16,230.0,240.0,202.0,214.6499938964844,190.0543212890625,31984,PONNIERODE,,,Ponni Sugars (Erode) Limited
2015-11-17,223.0,223.0,200.0,200.6999969482422,177.70278930664062,355424,PONNIERODE,,,Ponni Sugars (Erode) Limited
2015-11-18,209.0,212.8000030517578,203.0,206.5500030517578,182.8824615478516,22835,PONNIERODE,,,Ponni Sugars (Erode) Limited
2015-11-19,214.0,214.8000030517578,202.0,206.5,182.8381805419922,26680,PONNIERODE,,,Ponni Sugars (Erode) Limited
2015-11-20,207.0,211.9499969482422,201.0,201.6499938964844,178.5438995361328,8459,PONNIERODE,,,Ponni Sugars (Erode) Limited
2015-11-23,206.5,206.5,201.6499938964844,204.1000061035156,180.7132263183593,951,PONNIERODE,,,Ponni Sugars (Erode) Limited
2015-11-24,201.5,207.0,195.0500030517578,204.4499969482422,181.0230865478516,5066,PONNIERODE,,,Ponni Sugars (Erode) Limited
2015-11-26,202.0,205.8000030517578,198.1000061035156,199.8000030517578,176.9059295654297,709,PONNIERODE,,,Ponni Sugars (Erode) Limited
2015-11-27,205.0,205.0,195.0,197.8500061035156,175.17935180664062,41717,PONNIERODE,,,Ponni Sugars (Erode) Limited
2015-11-30,202.0,202.0,192.3999938964844,196.6000061035156,174.0725860595703,464,PONNIERODE,,,Ponni Sugars (Erode) Limited
2015-12-01,193.0,198.8999938964844,188.8999938964844,189.0500030517578,167.38771057128906,2865,PONNIERODE,,,Ponni Sugars (Erode) Limited
2015-12-02,200.0,200.0,190.0500030517578,196.1000061035156,173.6298828125,1030,PONNIERODE,,,Ponni Sugars (Erode) Limited
2015-12-03,198.0,198.0,183.1000061035156,186.8500061035156,165.43980407714844,1019,PONNIERODE,,,Ponni Sugars (Erode) Limited
2015-12-04,181.0,189.0,180.0,185.0500030517578,163.84603881835938,768,PONNIERODE,,,Ponni Sugars (Erode) Limited
2015-12-07,193.8999938964844,193.8999938964844,181.3000030517578,190.25,168.45021057128906,240,PONNIERODE,,,Ponni Sugars (Erode) Limited
2015-12-08,185.0,191.6999969482422,179.0,183.9499969482422,162.8720703125,953,PONNIERODE,,,Ponni Sugars (Erode) Limited
2015-12-09,175.0500030517578,180.0,175.0500030517578,177.5500030517578,157.20542907714844,1063,PONNIERODE,,,Ponni Sugars (Erode) Limited
2015-12-10,171.25,182.0,171.25,180.10000610351562,159.4632568359375,443,PONNIERODE,,,Ponni Sugars (Erode) Limited
2015-12-11,172.25,182.0,172.0,181.3000030517578,160.52574157714844,202,PONNIERODE,,,Ponni Sugars (Erode) Limited
2015-12-14,182.0,182.0,170.6999969482422,173.0,153.17678833007812,157,PONNIERODE,,,Ponni Sugars (Erode) Limited
2015-12-15,176.0,194.0,176.0,182.8500061035156,161.89813232421875,565,PONNIERODE,,,Ponni Sugars (Erode) Limited
2015-12-16,190.0,192.0,186.5,189.5,167.78614807128906,156,PONNIERODE,,,Ponni Sugars (Erode) Limited
2015-12-17,189.4499969482422,191.9499969482422,185.5,189.8500061035156,168.0960235595703,698,PONNIERODE,,,Ponni Sugars (Erode) Limited
2015-12-18,198.0,198.0,191.0500030517578,195.0500030517578,172.7001953125,641,PONNIERODE,,,Ponni Sugars (Erode) Limited
2015-12-21,198.0,198.0,181.25,186.8500061035156,165.43980407714844,211,PONNIERODE,,,Ponni Sugars (Erode) Limited
2015-12-22,189.8999938964844,190.0,180.0,180.5,159.81741333007812,963,PONNIERODE,,,Ponni Sugars (Erode) Limited
2015-12-23,184.8999938964844,188.0,182.8000030517578,183.8500061035156,162.78353881835938,1219,PONNIERODE,,,Ponni Sugars (Erode) Limited
2015-12-24,175.0,184.0,170.0,183.6000061035156,162.5621795654297,515,PONNIERODE,,,Ponni Sugars (Erode) Limited
2015-12-28,189.8999938964844,192.0,179.0,181.8999938964844,161.05699157714844,741,PONNIERODE,,,Ponni Sugars (Erode) Limited
2015-12-29,178.0,183.0,177.0,181.3000030517578,160.52574157714844,8,PONNIERODE,,,Ponni Sugars (Erode) Limited
2015-12-30,180.0,180.0,177.14999389648438,177.1999969482422,156.89553833007812,459,PONNIERODE,,,Ponni Sugars (Erode) Limited
2015-12-31,178.10000610351562,188.1999969482422,170.5,175.5,155.39031982421875,9367,PONNIERODE,,,Ponni Sugars (Erode) Limited
2016-01-01,194.0,194.0,173.9499969482422,186.6999969482422,165.3069610595703,2753,PONNIERODE,,,Ponni Sugars (Erode) Limited
2016-01-04,186.8000030517578,192.0,186.8000030517578,188.3999938964844,166.81214904785156,982,PONNIERODE,,,Ponni Sugars (Erode) Limited
2016-01-05,184.5500030517578,191.8999938964844,184.5500030517578,185.1999969482422,163.97885131835938,690,PONNIERODE,,,Ponni Sugars (Erode) Limited
2016-01-06,199.3999938964844,199.5,185.0,185.5500030517578,164.28875732421875,1858,PONNIERODE,,,Ponni Sugars (Erode) Limited
2016-01-07,175.0500030517578,183.0,170.0,179.1999969482422,158.6663818359375,1180,PONNIERODE,,,Ponni Sugars (Erode) Limited
2016-01-08,183.0,196.5,182.0,192.5500030517578,170.48666381835938,2939,PONNIERODE,,,Ponni Sugars (Erode) Limited
2016-01-11,191.8999938964844,196.0,187.6999969482422,192.0,169.9996795654297,1820,PONNIERODE,,,Ponni Sugars (Erode) Limited
2016-01-12,184.6999969482422,194.8999938964844,181.0,184.9499969482422,163.75750732421875,827,PONNIERODE,,,Ponni Sugars (Erode) Limited
2016-01-13,181.0500030517578,192.0,168.0,177.0,156.7184600830078,1255,PONNIERODE,,,Ponni Sugars (Erode) Limited
2016-01-14,165.0,177.5,147.0,174.8000030517578,154.77052307128906,934,PONNIERODE,,,Ponni Sugars (Erode) Limited
2016-01-15,173.39999389648438,173.39999389648438,147.0500030517578,165.6999969482422,146.71327209472656,379,PONNIERODE,,,Ponni Sugars (Erode) Limited
2016-01-18,158.0500030517578,163.5,144.0,154.25,136.57525634765625,613,PONNIERODE,,,Ponni Sugars (Erode) Limited
2016-01-19,159.60000610351562,183.0,156.0500030517578,168.14999389648438,148.88253784179688,11997,PONNIERODE,,,Ponni Sugars (Erode) Limited
2016-01-20,169.0,169.0,156.5500030517578,159.75,141.44503784179688,455,PONNIERODE,,,Ponni Sugars (Erode) Limited
2016-01-21,161.10000610351562,169.6999969482422,160.10000610351562,162.0500030517578,143.4814910888672,323,PONNIERODE,,,Ponni Sugars (Erode) Limited
2016-01-22,179.5,179.5,163.60000610351562,166.75,147.64297485351562,205,PONNIERODE,,,Ponni Sugars (Erode) Limited
2016-01-25,160.9499969482422,200.1000061035156,160.9499969482422,185.5500030517578,164.28875732421875,301095,PONNIERODE,,,Ponni Sugars (Erode) Limited
2016-01-27,188.0,194.8999938964844,181.0,181.9499969482422,161.10125732421875,1014,PONNIERODE,,,Ponni Sugars (Erode) Limited
2016-01-28,178.0500030517578,187.8000030517578,174.0,177.64999389648438,157.2939453125,8103,PONNIERODE,,,Ponni Sugars (Erode) Limited
2016-01-29,186.5,186.5,167.0,169.39999389648438,149.98928833007812,1277,PONNIERODE,,,Ponni Sugars (Erode) Limited
2016-02-01,165.0,178.89999389648438,158.0,170.5,150.96328735351562,302,PONNIERODE,,,Ponni Sugars (Erode) Limited
2016-02-02,180.0,180.0,171.0,175.0,154.9476318359375,640,PONNIERODE,,,Ponni Sugars (Erode) Limited
2016-02-03,170.0,173.5,158.5,165.0,146.0934600830078,253,PONNIERODE,,,Ponni Sugars (Erode) Limited
2016-02-04,159.0500030517578,167.89999389648438,155.5,156.0,138.12474060058594,2131,PONNIERODE,,,Ponni Sugars (Erode) Limited
2016-02-05,156.0,168.0,156.0,158.64999389648438,140.47108459472656,1486,PONNIERODE,,,Ponni Sugars (Erode) Limited
2016-02-08,166.6999969482422,166.6999969482422,145.1999969482422,150.5,133.25497436523438,110,PONNIERODE,,,Ponni Sugars (Erode) Limited
2016-02-09,152.0,160.0,152.0,154.0,136.3538818359375,930,PONNIERODE,,,Ponni Sugars (Erode) Limited
2016-02-10,153.9499969482422,162.0500030517578,153.9499969482422,161.3000030517578,142.81744384765625,2004,PONNIERODE,,,Ponni Sugars (Erode) Limited
2016-02-11,156.0,162.0500030517578,150.0,158.39999389648438,140.2497100830078,2209,PONNIERODE,,,Ponni Sugars (Erode) Limited
2016-02-12,151.0,155.0,132.5,145.39999389648438,128.7393341064453,1999,PONNIERODE,,,Ponni Sugars (Erode) Limited
2016-02-15,154.0,154.0,151.0500030517578,151.0500030517578,133.741943359375,45,PONNIERODE,,,Ponni Sugars (Erode) Limited
2016-02-16,144.25,149.0,144.25,149.0,131.92681884765625,223,PONNIERODE,,,Ponni Sugars (Erode) Limited
2016-02-17,145.0500030517578,155.0,142.0,151.5500030517578,134.18463134765625,1052,PONNIERODE,,,Ponni Sugars (Erode) Limited
2016-02-18,168.0,178.0,151.0,151.14999389648438,133.83045959472656,769,PONNIERODE,,,Ponni Sugars (Erode) Limited
2016-02-19,146.5,155.0,145.0,154.4499969482422,136.75233459472656,555,PONNIERODE,,,Ponni Sugars (Erode) Limited
2016-02-22,146.10000610351562,165.4499969482422,145.10000610351562,150.0,132.812255859375,19830,PONNIERODE,,,Ponni Sugars (Erode) Limited
2016-02-23,145.0,158.5,144.9499969482422,145.60000610351562,128.9164276123047,290,PONNIERODE,,,Ponni Sugars (Erode) Limited
2016-02-24,146.0,154.9499969482422,130.0,153.6999969482422,136.08828735351562,7674,PONNIERODE,,,Ponni Sugars (Erode) Limited
2016-02-25,160.8000030517578,184.3999938964844,153.0500030517578,173.64999389648438,153.75230407714844,50109,PONNIERODE,,,Ponni Sugars (Erode) Limited
2016-02-26,174.0,179.0,163.0,172.3000030517578,152.5570068359375,6179,PONNIERODE,,,Ponni Sugars (Erode) Limited
2016-02-29,170.0,174.0,156.39999389648438,172.0,152.29139709472656,239,PONNIERODE,,,Ponni Sugars (Erode) Limited
2016-03-01,164.39999389648438,167.89999389648438,163.0,166.39999389648438,147.33303833007812,311,PONNIERODE,,,Ponni Sugars (Erode) Limited
2016-03-02,166.0,175.0,163.0500030517578,172.6999969482422,152.91114807128906,355,PONNIERODE,,,Ponni Sugars (Erode) Limited
2016-03-03,189.0,200.0,166.3000030517578,178.89999389648438,158.40074157714844,79907,PONNIERODE,,,Ponni Sugars (Erode) Limited
2016-03-04,195.0,195.0,176.0,186.6000061035156,165.21844482421875,2960,PONNIERODE,,,Ponni Sugars (Erode) Limited
2016-03-08,188.0,205.0,180.0500030517578,189.6999969482422,167.9632110595703,309105,PONNIERODE,,,Ponni Sugars (Erode) Limited
2016-03-09,187.0,194.8999938964844,187.0,192.3999938964844,170.35385131835938,2068,PONNIERODE,,,Ponni Sugars (Erode) Limited
2016-03-10,191.0,191.0,185.0,186.5,165.1298828125,1515,PONNIERODE,,,Ponni Sugars (Erode) Limited
2016-03-11,183.0,194.4499969482422,183.0,192.8000030517578,170.7080078125,2291,PONNIERODE,,,Ponni Sugars (Erode) Limited
2016-03-14,198.6999969482422,228.0,189.1000061035156,221.1999969482422,195.85379028320312,58622,PONNIERODE,,,Ponni Sugars (Erode) Limited
2016-03-15,219.0,225.0,210.1000061035156,220.1999969482422,194.9683837890625,62492,PONNIERODE,,,Ponni Sugars (Erode) Limited
2016-03-16,217.1999969482422,224.6999969482422,213.0,218.1499938964844,193.1532745361328,48245,PONNIERODE,,,Ponni Sugars (Erode) Limited
2016-03-17,218.5,226.9499969482422,205.5,212.8999938964844,188.5048370361328,4552,PONNIERODE,,,Ponni Sugars (Erode) Limited
2016-03-18,213.25,219.8999938964844,211.0,214.1499938964844,189.6116180419922,2606,PONNIERODE,,,Ponni Sugars (Erode) Limited
2016-03-21,216.25,223.8999938964844,210.3000030517578,215.25,190.5855865478516,4208,PONNIERODE,,,Ponni Sugars (Erode) Limited
2016-03-22,223.0,223.0,194.1000061035156,203.1999969482422,179.91632080078125,5319,PONNIERODE,,,Ponni Sugars (Erode) Limited
2016-03-23,204.9499969482422,204.9499969482422,200.1000061035156,201.1499938964844,178.10122680664062,1244,PONNIERODE,,,Ponni Sugars (Erode) Limited
2016-03-28,213.0,213.0,199.0,200.1999969482422,177.26007080078125,3699,PONNIERODE,,,Ponni Sugars (Erode) Limited
2016-03-29,203.8500061035156,204.0,181.0,187.5500030517578,166.05958557128906,4882,PONNIERODE,,,Ponni Sugars (Erode) Limited
2016-03-30,194.0,212.3999938964844,187.8999938964844,208.6499938964844,184.74185180664065,7154,PONNIERODE,,,Ponni Sugars (Erode) Limited
2016-03-31,215.8999938964844,220.0,205.25,212.1000061035156,187.7965240478516,7323,PONNIERODE,,,Ponni Sugars (Erode) Limited
2016-04-01,212.1000061035156,218.5,204.0500030517578,213.3000030517578,188.8590240478516,3793,PONNIERODE,,,Ponni Sugars (Erode) Limited
2016-04-04,214.8999938964844,214.8999938964844,205.25,206.1999969482422,182.57257080078125,5483,PONNIERODE,,,Ponni Sugars (Erode) Limited
2016-04-05,207.8999938964844,214.0,201.25,212.5500030517578,188.1949615478516,3465,PONNIERODE,,,Ponni Sugars (Erode) Limited
2016-04-06,206.1000061035156,217.1000061035156,206.0500030517578,214.3500061035156,189.78872680664065,5723,PONNIERODE,,,Ponni Sugars (Erode) Limited
2016-04-07,203.8999938964844,215.0,203.6999969482422,208.75,184.8303680419922,2454,PONNIERODE,,,Ponni Sugars (Erode) Limited
2016-04-08,212.0,213.8000030517578,206.5,206.5,182.8381805419922,862,PONNIERODE,,,Ponni Sugars (Erode) Limited
2016-04-11,202.6000061035156,206.5,196.1000061035156,201.6000061035156,178.49966430664062,4716,PONNIERODE,,,Ponni Sugars (Erode) Limited
2016-04-12,200.0,206.9499969482422,191.0,198.0500030517578,175.35643005371094,3602,PONNIERODE,,,Ponni Sugars (Erode) Limited
2016-04-13,206.75,206.75,195.0,196.5,173.98403930664062,2317,PONNIERODE,,,Ponni Sugars (Erode) Limited
2016-04-18,196.5,201.5,194.9499969482422,197.3999938964844,174.7809295654297,6220,PONNIERODE,,,Ponni Sugars (Erode) Limited
2016-04-20,198.0,214.0,190.0,193.5,171.32778930664062,6121,PONNIERODE,,,Ponni Sugars (Erode) Limited
2016-04-21,196.9499969482422,199.0,189.1000061035156,189.6000061035156,167.87466430664062,3218,PONNIERODE,,,Ponni Sugars (Erode) Limited
2016-04-22,193.0500030517578,196.4499969482422,191.6000061035156,192.6999969482422,170.61944580078125,281,PONNIERODE,,,Ponni Sugars (Erode) Limited
2016-04-25,193.0,193.0,187.25,187.5,166.01531982421875,490,PONNIERODE,,,Ponni Sugars (Erode) Limited
2016-04-26,187.6000061035156,193.8000030517578,182.5,186.1999969482422,164.8642578125,815,PONNIERODE,,,Ponni Sugars (Erode) Limited
2016-04-27,191.9499969482422,197.0,183.6000061035156,186.8000030517578,165.39552307128906,1838,PONNIERODE,,,Ponni Sugars (Erode) Limited
2016-04-28,185.1499938964844,185.5500030517578,183.0,184.0,162.91635131835938,364,PONNIERODE,,,Ponni Sugars (Erode) Limited
2016-04-29,189.3000030517578,189.3500061035156,182.6000061035156,185.8999938964844,164.59864807128906,754,PONNIERODE,,,Ponni Sugars (Erode) Limited
2016-05-02,188.25,193.0,184.6000061035156,188.8999938964844,167.2548828125,1872,PONNIERODE,,,Ponni Sugars (Erode) Limited
2016-05-03,181.0,199.0,180.0,185.1499938964844,163.93458557128906,974,PONNIERODE,,,Ponni Sugars (Erode) Limited
2016-05-04,189.75,189.75,185.1999969482422,185.3000030517578,164.06741333007812,164,PONNIERODE,,,Ponni Sugars (Erode) Limited
2016-05-05,189.9499969482422,195.0,187.0,187.0500030517578,165.6168670654297,893,PONNIERODE,,,Ponni Sugars (Erode) Limited
2016-05-06,190.0,192.1000061035156,189.8500061035156,191.5500030517578,169.6012420654297,574,PONNIERODE,,,Ponni Sugars (Erode) Limited
2016-05-09,191.5,195.0500030517578,191.4499969482422,194.3999938964844,172.1246795654297,1443,PONNIERODE,,,Ponni Sugars (Erode) Limited
2016-05-10,191.9499969482422,195.9499969482422,188.25,194.8999938964844,172.56736755371094,2174,PONNIERODE,,,Ponni Sugars (Erode) Limited
2016-05-11,193.0,195.0,188.1000061035156,193.9499969482422,171.72625732421875,1110,PONNIERODE,,,Ponni Sugars (Erode) Limited
2016-05-12,192.5500030517578,204.0,192.5500030517578,196.6499938964844,174.11685180664062,8236,PONNIERODE,,,Ponni Sugars (Erode) Limited
2016-05-13,197.0,197.0,190.1000061035156,193.3999938964844,171.23924255371094,2633,PONNIERODE,,,Ponni Sugars (Erode) Limited
2016-05-16,186.6000061035156,196.0,186.6000061035156,192.0,169.9996795654297,336,PONNIERODE,,,Ponni Sugars (Erode) Limited
2016-05-17,196.8500061035156,198.0,187.9499969482422,191.3500061035156,169.4241485595703,1539,PONNIERODE,,,Ponni Sugars (Erode) Limited
2016-05-18,181.0,197.8999938964844,174.5,194.8500061035156,172.52310180664062,3539,PONNIERODE,,,Ponni Sugars (Erode) Limited
2016-05-19,193.25,196.5,185.0,186.8999938964844,165.48403930664062,920,PONNIERODE,,,Ponni Sugars (Erode) Limited
2016-05-20,189.5,196.0,172.6999969482422,188.1999969482422,166.6350860595703,1487,PONNIERODE,,,Ponni Sugars (Erode) Limited
2016-05-23,188.1999969482422,197.3999938964844,180.3000030517578,191.1999969482422,169.2913360595703,3684,PONNIERODE,,,Ponni Sugars (Erode) Limited
2016-05-24,190.0500030517578,194.0,185.3000030517578,188.6000061035156,166.98927307128906,173,PONNIERODE,,,Ponni Sugars (Erode) Limited
2016-05-25,194.8500061035156,195.9499969482422,183.8999938964844,194.5,172.2132110595703,1362,PONNIERODE,,,Ponni Sugars (Erode) Limited
2016-05-26,191.0,191.0,190.5500030517578,190.5500030517578,168.71583557128906,30,PONNIERODE,,,Ponni Sugars (Erode) Limited
2016-05-27,195.0,198.75,186.1000061035156,191.1999969482422,169.2913360595703,2889,PONNIERODE,,,Ponni Sugars (Erode) Limited
2016-05-30,204.8999938964844,204.8999938964844,191.1000061035156,192.1000061035156,170.0882110595703,3048,PONNIERODE,,,Ponni Sugars (Erode) Limited
2016-05-31,197.1999969482422,197.1999969482422,189.9499969482422,190.5,168.67152404785156,344,PONNIERODE,,,Ponni Sugars (Erode) Limited
2016-06-01,193.6499938964844,195.0,190.0500030517578,193.6000061035156,171.41632080078125,612,PONNIERODE,,,Ponni Sugars (Erode) Limited
2016-06-02,192.8500061035156,197.8999938964844,192.0,193.1000061035156,170.97364807128906,3297,PONNIERODE,,,Ponni Sugars (Erode) Limited
2016-06-03,192.5500030517578,197.6999969482422,192.3000030517578,195.6000061035156,173.1871795654297,2046,PONNIERODE,,,Ponni Sugars (Erode) Limited
2016-06-06,200.0,203.8999938964844,195.0,201.0,177.96839904785156,4580,PONNIERODE,,,Ponni Sugars (Erode) Limited
2016-06-07,204.0,215.8999938964844,200.0500030517578,206.8500061035156,183.1480865478516,9415,PONNIERODE,,,Ponni Sugars (Erode) Limited
2016-06-08,205.0,209.75,194.1000061035156,197.9499969482422,175.2678680419922,1440,PONNIERODE,,,Ponni Sugars (Erode) Limited
2016-06-09,198.8999938964844,200.0500030517578,196.6499938964844,196.8500061035156,174.2939453125,1120,PONNIERODE,,,Ponni Sugars (Erode) Limited
2016-06-10,199.8500061035156,224.6999969482422,197.3500061035156,216.75,191.9136962890625,12977,PONNIERODE,,,Ponni Sugars (Erode) Limited
2016-06-13,219.6499938964844,248.6000061035156,212.5500030517578,236.1000061035156,209.0464630126953,66316,PONNIERODE,,,Ponni Sugars (Erode) Limited
2016-06-14,236.3000030517578,272.8999938964844,235.1000061035156,261.1499938964844,231.22610473632807,88623,PONNIERODE,,,Ponni Sugars (Erode) Limited
2016-06-15,267.0,313.3500061035156,265.0,299.75,265.40313720703125,283438,PONNIERODE,,,Ponni Sugars (Erode) Limited
2016-06-16,304.70001220703125,314.8999938964844,269.79998779296875,271.3500061035156,240.25733947753903,176806,PONNIERODE,,,Ponni Sugars (Erode) Limited
2016-06-17,265.70001220703125,265.70001220703125,244.25,244.8000030517578,216.7496032714844,59947,PONNIERODE,,,Ponni Sugars (Erode) Limited
2016-06-20,240.25,253.9499969482422,224.0,243.3500061035156,215.4657287597656,27112,PONNIERODE,,,Ponni Sugars (Erode) Limited
2016-06-21,243.9499969482422,252.8000030517578,235.1499938964844,241.6999969482422,214.00477600097656,10622,PONNIERODE,,,Ponni Sugars (Erode) Limited
2016-06-22,234.8999938964844,255.0,234.8999938964844,244.3500061035156,216.3511657714844,18260,PONNIERODE,,,Ponni Sugars (Erode) Limited
2016-06-23,245.0,245.0,230.3000030517578,234.1000061035156,207.275634765625,16355,PONNIERODE,,,Ponni Sugars (Erode) Limited
2016-06-24,225.0,227.8999938964844,214.25,223.6000061035156,197.9788055419922,13141,PONNIERODE,,,Ponni Sugars (Erode) Limited
2016-06-27,225.5,245.9499969482422,225.0,245.9499969482422,217.767807006836,17031,PONNIERODE,,,Ponni Sugars (Erode) Limited
2016-06-28,259.0,261.0,244.1000061035156,247.1499938964844,218.830307006836,22702,PONNIERODE,,,Ponni Sugars (Erode) Limited
2016-06-29,256.5,261.0,244.5,253.1999969482422,224.1870880126953,9301,PONNIERODE,,,Ponni Sugars (Erode) Limited
2016-06-30,260.3999938964844,263.70001220703125,248.0500030517578,250.1499938964844,221.486557006836,7259,PONNIERODE,,,Ponni Sugars (Erode) Limited
2016-07-01,259.8999938964844,259.8999938964844,247.1499938964844,251.0,222.23915100097656,10743,PONNIERODE,,,Ponni Sugars (Erode) Limited
2016-07-04,254.8999938964844,262.0,212.6999969482422,251.6000061035156,222.7703857421875,6346,PONNIERODE,,,Ponni Sugars (Erode) Limited
2016-07-05,250.3000030517578,254.8000030517578,243.0,247.5,219.1402130126953,3006,PONNIERODE,,,Ponni Sugars (Erode) Limited
2016-07-07,254.0,297.0,242.0,294.95001220703125,261.1531066894531,90080,PONNIERODE,,,Ponni Sugars (Erode) Limited
2016-07-08,309.8999938964844,342.0,302.0,318.6000061035156,282.0932312011719,275647,PONNIERODE,,,Ponni Sugars (Erode) Limited
2016-07-11,324.8999938964844,342.8999938964844,317.6499938964844,323.3999938964844,286.3432312011719,70473,PONNIERODE,,,Ponni Sugars (Erode) Limited
2016-07-12,326.0,333.45001220703125,311.95001220703125,320.70001220703125,283.9526062011719,37063,PONNIERODE,,,Ponni Sugars (Erode) Limited
2016-07-13,326.0,326.8999938964844,305.0,307.20001220703125,271.9995422363281,18480,PONNIERODE,,,Ponni Sugars (Erode) Limited
2016-07-14,308.0,324.3999938964844,306.0,309.79998779296875,274.3015441894531,71527,PONNIERODE,,,Ponni Sugars (Erode) Limited
2016-07-15,310.0,310.0,290.04998779296875,293.0,260.43536376953125,33486,PONNIERODE,,,Ponni Sugars (Erode) Limited
2016-07-18,299.0,310.8999938964844,281.29998779296875,288.3500061035156,256.3021545410156,23459,PONNIERODE,,,Ponni Sugars (Erode) Limited
2016-07-19,284.0,291.8500061035156,275.1000061035156,277.54998779296875,246.7024841308593,20553,PONNIERODE,,,Ponni Sugars (Erode) Limited
2016-07-20,283.5,304.0,281.95001220703125,297.79998779296875,264.701904296875,44687,PONNIERODE,,,Ponni Sugars (Erode) Limited
2016-07-21,303.3999938964844,309.45001220703125,297.1499938964844,301.3500061035156,267.8573303222656,23053,PONNIERODE,,,Ponni Sugars (Erode) Limited
2016-07-22,305.0,312.95001220703125,292.20001220703125,309.8500061035156,275.4126281738281,43684,PONNIERODE,,,Ponni Sugars (Erode) Limited
2016-07-25,320.0,357.04998779296875,320.0,345.6000061035156,307.1893005371094,189192,PONNIERODE,,,Ponni Sugars (Erode) Limited
2016-07-26,350.0,357.0,312.25,318.8999938964844,283.456787109375,188613,PONNIERODE,,,Ponni Sugars (Erode) Limited
2016-07-27,322.0,323.75,265.1000061035156,287.29998779296875,255.368896484375,151895,PONNIERODE,,,Ponni Sugars (Erode) Limited
2016-07-28,290.0,299.8999938964844,262.0,282.1000061035156,250.74685668945312,39940,PONNIERODE,,,Ponni Sugars (Erode) Limited
2016-07-29,287.0,300.0,277.1000061035156,281.70001220703125,250.3912811279297,93551,PONNIERODE,,,Ponni Sugars (Erode) Limited
2016-08-01,284.8500061035156,287.95001220703125,270.0,272.75,242.4359741210937,42888,PONNIERODE,,,Ponni Sugars (Erode) Limited
2016-08-02,274.0,284.0,263.5,266.8999938964844,237.2361602783203,32886,PONNIERODE,,,Ponni Sugars (Erode) Limited
2016-08-03,271.0,273.0,222.1499938964844,250.9499969482422,223.05889892578125,54075,PONNIERODE,,,Ponni Sugars (Erode) Limited
2016-08-04,254.8500061035156,265.0,243.0,246.5,219.10348510742188,19244,PONNIERODE,,,Ponni Sugars (Erode) Limited
2016-08-05,249.8500061035156,256.0,245.0500030517578,246.75,219.3256683349609,11873,PONNIERODE,,,Ponni Sugars (Erode) Limited
2016-08-08,248.0,252.0,240.0,245.6999969482422,218.39239501953125,13905,PONNIERODE,,,Ponni Sugars (Erode) Limited
2016-08-09,243.0500030517578,245.0,230.1000061035156,235.6000061035156,209.41493225097656,15012,PONNIERODE,,,Ponni Sugars (Erode) Limited
2016-08-10,235.0,243.75,225.1499938964844,231.75,205.9928131103516,19842,PONNIERODE,,,Ponni Sugars (Erode) Limited
2016-08-11,231.9499969482422,231.9499969482422,220.3000030517578,225.8500061035156,200.74856567382807,15114,PONNIERODE,,,Ponni Sugars (Erode) Limited
2016-08-12,220.3500061035156,230.8000030517578,215.1999969482422,226.0,200.88189697265625,23972,PONNIERODE,,,Ponni Sugars (Erode) Limited
2016-08-16,220.5,228.9499969482422,210.0,211.3000030517578,187.8156890869141,14608,PONNIERODE,,,Ponni Sugars (Erode) Limited
2016-08-17,210.0,217.6999969482422,201.25,205.25,182.4380798339844,53289,PONNIERODE,,,Ponni Sugars (Erode) Limited
2016-08-18,206.75,225.75,200.0,224.8999938964844,199.9041290283203,60368,PONNIERODE,,,Ponni Sugars (Erode) Limited
2016-08-19,223.5,244.6499938964844,222.5,226.9499969482422,201.726318359375,68172,PONNIERODE,,,Ponni Sugars (Erode) Limited
2016-08-22,229.8999938964844,229.8999938964844,211.0,212.5500030517578,188.9267578125,20387,PONNIERODE,,,Ponni Sugars (Erode) Limited
2016-08-23,210.0,216.5,208.0500030517578,212.3999938964844,188.7934112548828,9892,PONNIERODE,,,Ponni Sugars (Erode) Limited
2016-08-24,210.0,215.8500061035156,205.5500030517578,209.1499938964844,185.9046325683593,10809,PONNIERODE,,,Ponni Sugars (Erode) Limited
2016-08-25,210.0,212.0,201.0500030517578,204.75,181.99366760253903,9748,PONNIERODE,,,Ponni Sugars (Erode) Limited
2016-08-26,206.0,214.75,201.5,206.5,183.5491638183593,17532,PONNIERODE,,,Ponni Sugars (Erode) Limited
2016-08-29,210.1999969482422,210.1999969482422,201.25,204.4499969482422,181.7270050048828,46036,PONNIERODE,,,Ponni Sugars (Erode) Limited
2016-08-30,203.0,209.8999938964844,202.0,206.3000030517578,183.37139892578125,6664,PONNIERODE,,,Ponni Sugars (Erode) Limited
2016-08-31,209.6000061035156,223.0,204.0,208.5500030517578,185.371337890625,44037,PONNIERODE,,,Ponni Sugars (Erode) Limited
2016-09-01,214.0,214.0,202.0,203.3500061035156,180.749267578125,8269,PONNIERODE,,,Ponni Sugars (Erode) Limited
2016-09-02,209.0,212.6999969482422,195.0,200.1000061035156,177.8604736328125,15390,PONNIERODE,,,Ponni Sugars (Erode) Limited
2016-09-06,199.0,205.0,190.1499938964844,198.8000030517578,176.70497131347656,9155,PONNIERODE,,,Ponni Sugars (Erode) Limited
2016-09-07,197.0,203.0,191.1999969482422,196.0,174.2161407470703,8434,PONNIERODE,,,Ponni Sugars (Erode) Limited
2016-09-08,195.0500030517578,204.9499969482422,193.6000061035156,197.3000030517578,175.3716583251953,7675,PONNIERODE,,,Ponni Sugars (Erode) Limited
2016-09-09,196.0500030517578,212.0500030517578,194.1000061035156,205.75,182.88253784179688,18701,PONNIERODE,,,Ponni Sugars (Erode) Limited
2016-09-12,202.0,205.0,195.3999938964844,197.9499969482422,175.94940185546875,5135,PONNIERODE,,,Ponni Sugars (Erode) Limited
2016-09-14,205.0,208.0,197.1000061035156,203.6499938964844,181.0159149169922,12977,PONNIERODE,,,Ponni Sugars (Erode) Limited
2016-09-15,202.0,205.8000030517578,200.0,200.75,178.43821716308594,3401,PONNIERODE,,,Ponni Sugars (Erode) Limited
2016-09-16,201.1000061035156,214.3999938964844,194.1999969482422,203.5500030517578,180.9270172119141,30850,PONNIERODE,,,Ponni Sugars (Erode) Limited
2016-09-19,201.0,213.8999938964844,201.0,207.6499938964844,184.5713653564453,19291,PONNIERODE,,,Ponni Sugars (Erode) Limited
2016-09-20,208.0,210.0,202.0,204.3500061035156,181.6381378173828,9491,PONNIERODE,,,Ponni Sugars (Erode) Limited
2016-09-21,203.5,208.0,202.6999969482422,203.8999938964844,181.2381134033203,3566,PONNIERODE,,,Ponni Sugars (Erode) Limited
2016-09-22,205.25,244.5,205.1000061035156,209.1499938964844,185.9046325683593,11369,PONNIERODE,,,Ponni Sugars (Erode) Limited
2016-09-23,209.5,213.0,200.1499938964844,201.8500061035156,179.41600036621094,11862,PONNIERODE,,,Ponni Sugars (Erode) Limited
2016-09-26,204.0,205.0,202.5,203.75,181.1048126220703,10434,PONNIERODE,,,Ponni Sugars (Erode) Limited
2016-09-27,202.0500030517578,205.5,201.0500030517578,203.8000030517578,181.1492462158203,7800,PONNIERODE,,,Ponni Sugars (Erode) Limited
2016-09-28,206.0,206.0,200.0,201.1499938964844,178.79376220703125,4014,PONNIERODE,,,Ponni Sugars (Erode) Limited
2016-09-29,203.8500061035156,205.0,190.1000061035156,191.25,169.9940643310547,19433,PONNIERODE,,,Ponni Sugars (Erode) Limited
2016-09-30,196.4499969482422,196.8999938964844,191.3000030517578,195.9499969482422,174.1717071533203,2393,PONNIERODE,,,Ponni Sugars (Erode) Limited
2016-10-03,195.0500030517578,201.4499969482422,195.0500030517578,199.8999938964844,177.68270874023438,2738,PONNIERODE,,,Ponni Sugars (Erode) Limited
2016-10-04,199.8500061035156,202.0,199.8500061035156,200.3000030517578,178.03823852539062,1370,PONNIERODE,,,Ponni Sugars (Erode) Limited
2016-10-05,207.9499969482422,207.9499969482422,199.3999938964844,203.75,181.1048126220703,14445,PONNIERODE,,,Ponni Sugars (Erode) Limited
2016-10-06,206.3999938964844,206.3999938964844,201.0,201.4499969482422,179.06040954589844,4177,PONNIERODE,,,Ponni Sugars (Erode) Limited
2016-10-07,205.1999969482422,208.0,199.1999969482422,205.3000030517578,182.4825439453125,15204,PONNIERODE,,,Ponni Sugars (Erode) Limited
2016-10-10,205.0,216.9499969482422,205.0,212.8000030517578,189.14895629882807,13600,PONNIERODE,,,Ponni Sugars (Erode) Limited
2016-10-13,213.0,215.0,205.0,206.1499938964844,183.23806762695312,6716,PONNIERODE,,,Ponni Sugars (Erode) Limited
2016-10-14,208.0,209.8500061035156,204.0,204.8999938964844,182.12698364257807,2858,PONNIERODE,,,Ponni Sugars (Erode) Limited
2016-10-17,209.3999938964844,209.3999938964844,199.1000061035156,200.8000030517578,178.482666015625,4720,PONNIERODE,,,Ponni Sugars (Erode) Limited
2016-10-18,201.0500030517578,213.0,201.0,207.5,184.43801879882807,6529,PONNIERODE,,,Ponni Sugars (Erode) Limited
2016-10-19,207.3999938964844,214.0,206.4499969482422,212.0500030517578,188.4823303222656,6558,PONNIERODE,,,Ponni Sugars (Erode) Limited
2016-10-20,214.0,219.0,211.0,213.3000030517578,189.5933990478516,10928,PONNIERODE,,,Ponni Sugars (Erode) Limited
2016-10-21,212.9499969482422,217.4499969482422,208.25,210.1000061035156,186.74905395507807,4641,PONNIERODE,,,Ponni Sugars (Erode) Limited
2016-10-24,209.5,218.0500030517578,195.1499938964844,201.0,178.66043090820312,16063,PONNIERODE,,,Ponni Sugars (Erode) Limited
2016-10-25,202.8999938964844,203.8999938964844,201.0,202.25,179.77149963378906,4052,PONNIERODE,,,Ponni Sugars (Erode) Limited
2016-10-26,200.0,204.0,200.0,201.0,178.66043090820312,2115,PONNIERODE,,,Ponni Sugars (Erode) Limited
2016-10-27,193.3000030517578,206.75,193.25,205.3999938964844,182.5714263916016,2423,PONNIERODE,,,Ponni Sugars (Erode) Limited
2016-10-28,205.25,210.3999938964844,203.9499969482422,204.3000030517578,181.5936889648437,4132,PONNIERODE,,,Ponni Sugars (Erode) Limited
2016-11-01,205.0,209.8999938964844,201.0,208.4499969482422,185.28244018554688,4151,PONNIERODE,,,Ponni Sugars (Erode) Limited
2016-11-02,209.0,223.8999938964844,205.9499969482422,217.6000061035156,193.41549682617188,16476,PONNIERODE,,,Ponni Sugars (Erode) Limited
2016-11-03,224.8999938964844,261.1000061035156,224.0,254.3500061035156,226.08102416992188,189660,PONNIERODE,,,Ponni Sugars (Erode) Limited
2016-11-04,259.79998779296875,269.5,233.3999938964844,239.3500061035156,212.74815368652344,867457,PONNIERODE,,,Ponni Sugars (Erode) Limited
2016-11-07,257.0,258.0,235.1999969482422,238.3500061035156,211.8592987060547,52017,PONNIERODE,,,Ponni Sugars (Erode) Limited
2016-11-08,244.0,244.0,221.6499938964844,224.8000030517578,199.8152618408203,33592,PONNIERODE,,,Ponni Sugars (Erode) Limited
2016-11-09,188.0,214.8500061035156,185.0,212.25,188.6600952148437,18300,PONNIERODE,,,Ponni Sugars (Erode) Limited
2016-11-10,235.0,235.0,210.1000061035156,214.6000061035156,190.74891662597656,17176,PONNIERODE,,,Ponni Sugars (Erode) Limited
2016-11-11,211.0500030517578,217.0,205.0,212.1000061035156,188.5267791748047,12592,PONNIERODE,,,Ponni Sugars (Erode) Limited
2016-11-15,205.0500030517578,208.75,193.0,195.1000061035156,173.41619873046875,14457,PONNIERODE,,,Ponni Sugars (Erode) Limited
2016-11-16,197.5500030517578,209.6999969482422,192.0,196.1499938964844,174.34950256347656,13139,PONNIERODE,,,Ponni Sugars (Erode) Limited
2016-11-17,201.8500061035156,201.8500061035156,188.75,191.1999969482422,169.94964599609375,11463,PONNIERODE,,,Ponni Sugars (Erode) Limited
2016-11-18,191.1999969482422,216.25,188.25,207.5,184.43801879882807,65423,PONNIERODE,,,Ponni Sugars (Erode) Limited
2016-11-21,206.0,235.0,203.0500030517578,205.1999969482422,182.3936309814453,25962,PONNIERODE,,,Ponni Sugars (Erode) Limited
2016-11-22,208.0,215.0,201.25,205.8999938964844,183.0158233642578,11670,PONNIERODE,,,Ponni Sugars (Erode) Limited
2016-11-23,206.0500030517578,216.3999938964844,200.4499969482422,208.0500030517578,184.92686462402344,20012,PONNIERODE,,,Ponni Sugars (Erode) Limited
2016-11-24,208.0,214.9499969482422,206.5500030517578,210.9499969482422,187.5045623779297,10142,PONNIERODE,,,Ponni Sugars (Erode) Limited
2016-11-25,214.1999969482422,215.5,205.6000061035156,208.5500030517578,185.371337890625,9068,PONNIERODE,,,Ponni Sugars (Erode) Limited
2016-11-28,207.5500030517578,213.4499969482422,207.5,207.9499969482422,184.83799743652344,5371,PONNIERODE,,,Ponni Sugars (Erode) Limited
2016-11-29,208.1499938964844,213.0,206.0,207.4499969482422,184.39358520507807,5050,PONNIERODE,,,Ponni Sugars (Erode) Limited
2016-11-30,205.3000030517578,210.6999969482422,200.3500061035156,206.0500030517578,183.149169921875,6854,PONNIERODE,,,Ponni Sugars (Erode) Limited
2016-12-01,205.25,212.5,204.0,205.0500030517578,182.2603454589844,5988,PONNIERODE,,,Ponni Sugars (Erode) Limited
2016-12-02,203.5500030517578,206.8999938964844,200.0500030517578,203.1999969482422,180.6159210205078,6004,PONNIERODE,,,Ponni Sugars (Erode) Limited
2016-12-05,206.4499969482422,208.3000030517578,201.25,207.5500030517578,184.48248291015625,2856,PONNIERODE,,,Ponni Sugars (Erode) Limited
2016-12-06,205.3000030517578,217.0,203.8999938964844,213.6999969482422,189.948959350586,5386,PONNIERODE,,,Ponni Sugars (Erode) Limited
2016-12-07,217.1999969482422,217.1999969482422,209.0,212.0500030517578,188.4823303222656,4813,PONNIERODE,,,Ponni Sugars (Erode) Limited
2016-12-08,215.5,215.8000030517578,209.6000061035156,211.8000030517578,188.26011657714844,1359,PONNIERODE,,,Ponni Sugars (Erode) Limited
2016-12-09,214.4499969482422,214.5500030517578,210.75,212.4499969482422,188.83786010742188,5928,PONNIERODE,,,Ponni Sugars (Erode) Limited
2016-12-12,214.1999969482422,214.1999969482422,206.9499969482422,211.75,188.2156524658203,2571,PONNIERODE,,,Ponni Sugars (Erode) Limited
2016-12-13,207.4499969482422,216.0,207.4499969482422,211.3999938964844,187.9045562744141,3833,PONNIERODE,,,Ponni Sugars (Erode) Limited
2016-12-14,213.25,213.5,209.9499969482422,212.3000030517578,188.7045440673828,1521,PONNIERODE,,,Ponni Sugars (Erode) Limited
2016-12-15,216.3000030517578,216.3000030517578,205.0,206.8500061035156,183.8602600097656,3531,PONNIERODE,,,Ponni Sugars (Erode) Limited
2016-12-16,205.5500030517578,213.3500061035156,199.75,201.6499938964844,179.23818969726562,2343,PONNIERODE,,,Ponni Sugars (Erode) Limited
2016-12-19,200.3000030517578,202.8000030517578,198.0,199.0,176.88272094726562,2181,PONNIERODE,,,Ponni Sugars (Erode) Limited
2016-12-20,197.1499938964844,200.8999938964844,194.1000061035156,195.1000061035156,173.41619873046875,3848,PONNIERODE,,,Ponni Sugars (Erode) Limited
2016-12-21,195.0500030517578,198.3000030517578,188.6000061035156,190.8000030517578,169.59408569335938,2862,PONNIERODE,,,Ponni Sugars (Erode) Limited
2016-12-22,189.0,191.0,185.0500030517578,188.4499969482422,167.50526428222656,3216,PONNIERODE,,,Ponni Sugars (Erode) Limited
2016-12-23,184.6499938964844,208.8000030517578,184.6499938964844,195.8999938964844,174.1272430419922,25636,PONNIERODE,,,Ponni Sugars (Erode) Limited
2016-12-26,190.0500030517578,196.75,190.0500030517578,190.1999969482422,169.06077575683594,5075,PONNIERODE,,,Ponni Sugars (Erode) Limited
2016-12-27,193.8000030517578,194.5,188.0,189.3999938964844,168.3496856689453,4229,PONNIERODE,,,Ponni Sugars (Erode) Limited
2016-12-28,193.4499969482422,198.0,189.8000030517578,191.25,169.9940643310547,6775,PONNIERODE,,,Ponni Sugars (Erode) Limited
2016-12-29,193.8000030517578,195.4499969482422,191.5500030517578,194.3000030517578,172.70510864257812,2761,PONNIERODE,,,Ponni Sugars (Erode) Limited
2016-12-30,197.3000030517578,212.8999938964844,195.0500030517578,206.1999969482422,183.2825164794922,20291,PONNIERODE,,,Ponni Sugars (Erode) Limited
2017-01-02,208.8000030517578,226.0,202.3500061035156,218.3999938964844,194.12657165527344,35351,PONNIERODE,,,Ponni Sugars (Erode) Limited
2017-01-03,220.0,225.0,217.5500030517578,221.6999969482422,197.059799194336,23801,PONNIERODE,,,Ponni Sugars (Erode) Limited
2017-01-04,223.6999969482422,229.3500061035156,212.6499938964844,214.1499938964844,190.3489227294922,12724,PONNIERODE,,,Ponni Sugars (Erode) Limited
2017-01-05,217.5,219.8999938964844,213.5,217.25,193.10438537597656,5777,PONNIERODE,,,Ponni Sugars (Erode) Limited
2017-01-06,220.0,227.8999938964844,217.0500030517578,221.1499938964844,196.5709228515625,9177,PONNIERODE,,,Ponni Sugars (Erode) Limited
2017-01-09,227.0,240.0,222.1999969482422,232.8999938964844,207.01499938964844,15511,PONNIERODE,,,Ponni Sugars (Erode) Limited
2017-01-10,239.0,259.0,236.5,254.1000061035156,225.8587951660156,75804,PONNIERODE,,,Ponni Sugars (Erode) Limited
2017-01-11,256.6000061035156,259.70001220703125,244.0500030517578,245.8999938964844,218.5701446533203,19246,PONNIERODE,,,Ponni Sugars (Erode) Limited
2017-01-12,242.0500030517578,250.8500061035156,234.0500030517578,238.3999938964844,211.9037322998047,46422,PONNIERODE,,,Ponni Sugars (Erode) Limited
2017-01-13,236.0,247.4499969482422,232.6499938964844,241.5500030517578,214.70364379882807,16229,PONNIERODE,,,Ponni Sugars (Erode) Limited
2017-01-16,245.0,248.0,238.1000061035156,243.3000030517578,216.25914001464844,8124,PONNIERODE,,,Ponni Sugars (Erode) Limited
2017-01-17,244.9499969482422,245.0,237.9499969482422,239.3500061035156,212.74815368652344,4230,PONNIERODE,,,Ponni Sugars (Erode) Limited
2017-01-18,239.0,241.0,232.0,234.1499938964844,208.12608337402344,6258,PONNIERODE,,,Ponni Sugars (Erode) Limited
2017-01-19,234.6000061035156,237.75,227.5,229.1999969482422,203.72622680664065,5269,PONNIERODE,,,Ponni Sugars (Erode) Limited
2017-01-20,229.5,229.5,210.8999938964844,217.75,193.5488128662109,10237,PONNIERODE,,,Ponni Sugars (Erode) Limited
2017-01-23,214.0,224.0,214.0,221.6499938964844,197.01535034179688,5538,PONNIERODE,,,Ponni Sugars (Erode) Limited
2017-01-24,225.0,242.0,222.0500030517578,234.6000061035156,208.52609252929688,24119,PONNIERODE,,,Ponni Sugars (Erode) Limited
2017-01-25,235.0,236.0,229.1000061035156,233.8000030517578,207.81500244140625,6212,PONNIERODE,,,Ponni Sugars (Erode) Limited
2017-01-27,235.0,239.8999938964844,232.1000061035156,233.6999969482422,207.7261199951172,5300,PONNIERODE,,,Ponni Sugars (Erode) Limited
2017-01-30,237.0,241.25,228.0500030517578,232.8000030517578,206.92613220214844,3126,PONNIERODE,,,Ponni Sugars (Erode) Limited
2017-01-31,235.0,235.0,228.0500030517578,229.1499938964844,203.68179321289065,4033,PONNIERODE,,,Ponni Sugars (Erode) Limited
2017-02-01,235.0,241.0,230.0,238.8999938964844,212.34815979003903,5437,PONNIERODE,,,Ponni Sugars (Erode) Limited
2017-02-02,242.8999938964844,254.5,237.75,245.5500030517578,218.2590484619141,28763,PONNIERODE,,,Ponni Sugars (Erode) Limited
2017-02-03,247.6999969482422,259.0,236.4499969482422,238.5500030517578,212.03707885742188,202334,PONNIERODE,,,Ponni Sugars (Erode) Limited
2017-02-06,243.0,244.8999938964844,232.1999969482422,234.0,207.9927673339844,64539,PONNIERODE,,,Ponni Sugars (Erode) Limited
2017-02-07,234.0,239.0,228.0500030517578,229.3999938964844,203.9040069580078,12505,PONNIERODE,,,Ponni Sugars (Erode) Limited
2017-02-08,227.5,230.0,222.0,224.8000030517578,199.8152618408203,12584,PONNIERODE,,,Ponni Sugars (Erode) Limited
2017-02-09,224.0,228.8000030517578,223.1000061035156,224.1499938964844,199.23748779296875,6497,PONNIERODE,,,Ponni Sugars (Erode) Limited
2017-02-10,223.25,229.6999969482422,221.0,221.8999938964844,197.2375640869141,15435,PONNIERODE,,,Ponni Sugars (Erode) Limited
2017-02-13,225.5500030517578,225.6000061035156,218.1000061035156,219.25,194.8820953369141,5890,PONNIERODE,,,Ponni Sugars (Erode) Limited
2017-02-14,220.0500030517578,220.8000030517578,216.1000061035156,218.1499938964844,193.90435791015625,3120,PONNIERODE,,,Ponni Sugars (Erode) Limited
2017-02-15,216.0,216.0,206.5,208.8500061035156,185.63800048828125,7489,PONNIERODE,,,Ponni Sugars (Erode) Limited
2017-02-16,212.0,214.0,202.0,209.3999938964844,186.1268615722656,13808,PONNIERODE,,,Ponni Sugars (Erode) Limited
2017-02-17,209.1499938964844,215.4499969482422,208.6000061035156,213.1000061035156,189.4156188964844,5862,PONNIERODE,,,Ponni Sugars (Erode) Limited
2017-02-20,207.8000030517578,218.3999938964844,207.8000030517578,216.1999969482422,192.17108154296875,6208,PONNIERODE,,,Ponni Sugars (Erode) Limited
2017-02-21,214.0500030517578,217.0,211.3000030517578,213.0,189.3267364501953,3026,PONNIERODE,,,Ponni Sugars (Erode) Limited
2017-02-22,211.4499969482422,217.0,208.0,208.75,185.5490875244141,8507,PONNIERODE,,,Ponni Sugars (Erode) Limited
2017-02-23,211.8999938964844,211.8999938964844,205.3500061035156,206.6000061035156,183.63804626464844,6412,PONNIERODE,,,Ponni Sugars (Erode) Limited
2017-02-27,206.0,207.8999938964844,205.0,205.5,182.66030883789065,5499,PONNIERODE,,,Ponni Sugars (Erode) Limited
2017-02-28,206.0,210.8500061035156,205.5500030517578,207.3000030517578,184.26022338867188,2771,PONNIERODE,,,Ponni Sugars (Erode) Limited
2017-03-01,207.3000030517578,210.0,202.0,204.1000061035156,181.4159240722656,5093,PONNIERODE,,,Ponni Sugars (Erode) Limited
2017-03-02,203.0500030517578,207.6499938964844,201.5,202.5,179.9937286376953,3106,PONNIERODE,,,Ponni Sugars (Erode) Limited
2017-03-03,201.1499938964844,217.8999938964844,201.1000061035156,213.5500030517578,189.8155975341797,17499,PONNIERODE,,,Ponni Sugars (Erode) Limited
2017-03-06,215.3000030517578,223.6000061035156,214.1999969482422,215.6999969482422,191.72666931152344,13408,PONNIERODE,,,Ponni Sugars (Erode) Limited
2017-03-07,217.3500061035156,217.3500061035156,210.1000061035156,212.75,189.10452270507807,4955,PONNIERODE,,,Ponni Sugars (Erode) Limited
2017-03-08,210.75,210.75,206.1999969482422,208.3500061035156,185.1935577392578,5061,PONNIERODE,,,Ponni Sugars (Erode) Limited
2017-03-09,212.8500061035156,212.8500061035156,206.25,208.9499969482422,185.72686767578125,1620,PONNIERODE,,,Ponni Sugars (Erode) Limited
2017-03-10,213.0,213.0,205.1000061035156,206.3000030517578,183.37139892578125,2310,PONNIERODE,,,Ponni Sugars (Erode) Limited
2017-03-14,210.1499938964844,212.9499969482422,207.0,209.1000061035156,185.8601989746093,4127,PONNIERODE,,,Ponni Sugars (Erode) Limited
2017-03-15,208.0,213.8999938964844,205.1000061035156,210.8999938964844,187.4601593017578,5425,PONNIERODE,,,Ponni Sugars (Erode) Limited
2017-03-16,211.0,215.0,208.1000061035156,209.3500061035156,186.08241271972656,2069,PONNIERODE,,,Ponni Sugars (Erode) Limited
2017-03-17,209.0,216.8999938964844,209.0,212.25,188.6600952148437,16168,PONNIERODE,,,Ponni Sugars (Erode) Limited
2017-03-20,212.0500030517578,215.8999938964844,209.1000061035156,210.4499969482422,187.0601348876953,7506,PONNIERODE,,,Ponni Sugars (Erode) Limited
2017-03-21,213.8999938964844,217.0,210.1000061035156,214.8999938964844,191.0155487060547,8991,PONNIERODE,,,Ponni Sugars (Erode) Limited
2017-03-22,213.0,216.8999938964844,211.1000061035156,213.8999938964844,190.126693725586,7260,PONNIERODE,,,Ponni Sugars (Erode) Limited
2017-03-23,212.5,216.6999969482422,212.5,215.8500061035156,191.8599853515625,6452,PONNIERODE,,,Ponni Sugars (Erode) Limited
2017-03-24,214.5,215.4499969482422,212.5,213.6000061035156,189.8600616455078,3004,PONNIERODE,,,Ponni Sugars (Erode) Limited
2017-03-27,212.0500030517578,212.1000061035156,207.5500030517578,208.75,185.5490875244141,4643,PONNIERODE,,,Ponni Sugars (Erode) Limited
2017-03-28,208.25,213.8000030517578,206.25,207.3999938964844,184.34912109375,6535,PONNIERODE,,,Ponni Sugars (Erode) Limited
2017-03-29,207.1999969482422,209.5,205.0500030517578,206.0500030517578,183.149169921875,2629,PONNIERODE,,,Ponni Sugars (Erode) Limited
2017-03-30,207.0,209.3999938964844,202.1499938964844,207.9499969482422,184.83799743652344,34233,PONNIERODE,,,Ponni Sugars (Erode) Limited
2017-03-31,206.6499938964844,210.8500061035156,206.6499938964844,208.1999969482422,185.0602264404297,4048,PONNIERODE,,,Ponni Sugars (Erode) Limited
2017-04-03,208.6000061035156,213.4499969482422,208.6000061035156,210.0,186.66017150878903,3140,PONNIERODE,,,Ponni Sugars (Erode) Limited
2017-04-05,210.0,212.8999938964844,210.0,211.6000061035156,188.0823516845703,3539,PONNIERODE,,,Ponni Sugars (Erode) Limited
2017-04-06,213.4499969482422,222.0,212.8500061035156,218.0,193.77101135253903,7839,PONNIERODE,,,Ponni Sugars (Erode) Limited
2017-04-07,219.0,220.0,209.1000061035156,211.1999969482422,187.726806640625,2936,PONNIERODE,,,Ponni Sugars (Erode) Limited
2017-04-10,213.75,217.4499969482422,211.0,215.8000030517578,191.81553649902344,5456,PONNIERODE,,,Ponni Sugars (Erode) Limited
2017-04-11,217.8999938964844,219.0,212.25,215.5,191.5488739013672,3389,PONNIERODE,,,Ponni Sugars (Erode) Limited
2017-04-12,214.3999938964844,222.0,212.3500061035156,218.4499969482422,194.17100524902344,13939,PONNIERODE,,,Ponni Sugars (Erode) Limited
2017-04-13,216.0,218.6000061035156,212.8999938964844,214.3500061035156,190.52671813964844,1950,PONNIERODE,,,Ponni Sugars (Erode) Limited
2017-04-17,212.25,216.0,209.8999938964844,210.0,186.66017150878903,3017,PONNIERODE,,,Ponni Sugars (Erode) Limited
2017-04-18,210.75,213.0500030517578,206.0500030517578,207.3999938964844,184.34912109375,4889,PONNIERODE,,,Ponni Sugars (Erode) Limited
2017-04-19,210.0,213.6999969482422,206.3500061035156,208.5500030517578,185.371337890625,6058,PONNIERODE,,,Ponni Sugars (Erode) Limited
2017-04-20,208.5500030517578,212.3500061035156,208.5500030517578,210.6499938964844,187.2379150390625,4763,PONNIERODE,,,Ponni Sugars (Erode) Limited
2017-04-21,212.0,217.8500061035156,210.8000030517578,211.3000030517578,187.8156890869141,6833,PONNIERODE,,,Ponni Sugars (Erode) Limited
2017-04-24,212.6000061035156,217.8999938964844,211.6499938964844,212.9499969482422,189.2823028564453,9229,PONNIERODE,,,Ponni Sugars (Erode) Limited
2017-04-25,214.9499969482422,214.9499969482422,208.5,210.5500030517578,187.1490631103516,5498,PONNIERODE,,,Ponni Sugars (Erode) Limited
2017-04-26,214.8999938964844,215.8500061035156,208.0,209.4499969482422,186.1712951660156,2143,PONNIERODE,,,Ponni Sugars (Erode) Limited
2017-04-27,210.5,210.5,204.1499938964844,206.3999938964844,183.46026611328125,7795,PONNIERODE,,,Ponni Sugars (Erode) Limited
2017-04-28,209.0500030517578,209.0500030517578,203.25,205.8000030517578,182.9269561767578,4127,PONNIERODE,,,Ponni Sugars (Erode) Limited
2017-05-02,214.0,214.0,204.0500030517578,205.25,182.4380798339844,2774,PONNIERODE,,,Ponni Sugars (Erode) Limited
2017-05-03,211.5500030517578,211.5500030517578,201.0,201.8999938964844,179.46041870117188,6683,PONNIERODE,,,Ponni Sugars (Erode) Limited
2017-05-04,202.1000061035156,204.9499969482422,201.0,202.6999969482422,180.1715240478516,1941,PONNIERODE,,,Ponni Sugars (Erode) Limited
2017-05-05,205.5,205.5,198.0,200.0,177.77159118652344,1818,PONNIERODE,,,Ponni Sugars (Erode) Limited
2017-05-08,200.5500030517578,205.8000030517578,199.0500030517578,199.3999938964844,177.23826599121094,2266,PONNIERODE,,,Ponni Sugars (Erode) Limited
2017-05-09,200.1999969482422,204.6999969482422,200.0,201.0500030517578,178.7048797607422,607,PONNIERODE,,,Ponni Sugars (Erode) Limited
2017-05-10,201.3000030517578,202.8000030517578,199.0,199.5,177.32717895507812,1307,PONNIERODE,,,Ponni Sugars (Erode) Limited
2017-05-11,199.6000061035156,204.0,194.0500030517578,200.9499969482422,178.61599731445312,2287,PONNIERODE,,,Ponni Sugars (Erode) Limited
2017-05-12,200.3000030517578,202.6499938964844,197.5500030517578,198.9499969482422,176.83828735351562,1879,PONNIERODE,,,Ponni Sugars (Erode) Limited
2017-05-15,198.9499969482422,204.9499969482422,198.6499938964844,200.3000030517578,178.03823852539062,1871,PONNIERODE,,,Ponni Sugars (Erode) Limited
2017-05-16,200.5500030517578,206.9499969482422,200.5500030517578,204.8500061035156,182.08255004882807,2568,PONNIERODE,,,Ponni Sugars (Erode) Limited
2017-05-17,203.0,205.0,199.0,203.1999969482422,180.6159210205078,7646,PONNIERODE,,,Ponni Sugars (Erode) Limited
2017-05-18,201.5500030517578,206.8500061035156,201.5500030517578,202.6499938964844,180.12704467773438,2396,PONNIERODE,,,Ponni Sugars (Erode) Limited
2017-05-19,202.6499938964844,206.6499938964844,193.0,193.6499938964844,172.12733459472656,6246,PONNIERODE,,,Ponni Sugars (Erode) Limited
2017-05-22,195.0,199.8999938964844,195.0,196.75,174.88279724121094,3133,PONNIERODE,,,Ponni Sugars (Erode) Limited
2017-05-23,195.0,198.6499938964844,190.0500030517578,195.0,173.32730102539062,5204,PONNIERODE,,,Ponni Sugars (Erode) Limited
2017-05-24,195.0,201.8999938964844,192.0,199.6000061035156,177.41604614257812,12538,PONNIERODE,,,Ponni Sugars (Erode) Limited
2017-05-25,197.4499969482422,204.9499969482422,195.3000030517578,204.1499938964844,181.4603271484375,6807,PONNIERODE,,,Ponni Sugars (Erode) Limited
2017-05-26,203.9499969482422,208.0,202.1499938964844,205.6000061035156,182.7492218017578,7189,PONNIERODE,,,Ponni Sugars (Erode) Limited
2017-05-29,205.75,206.3999938964844,187.6499938964844,200.1999969482422,177.94937133789062,6581,PONNIERODE,,,Ponni Sugars (Erode) Limited
2017-05-30,196.1999969482422,205.5,195.0500030517578,202.5500030517578,180.03819274902344,9068,PONNIERODE,,,Ponni Sugars (Erode) Limited
2017-05-31,199.8000030517578,199.8000030517578,177.9499969482422,185.3000030517578,164.70538330078125,16651,PONNIERODE,,,Ponni Sugars (Erode) Limited
2017-06-01,189.8999938964844,209.8999938964844,189.75,190.8000030517578,169.59408569335938,5965,PONNIERODE,,,Ponni Sugars (Erode) Limited
2017-06-02,191.0500030517578,197.5500030517578,188.0500030517578,190.0500030517578,168.9274444580078,5379,PONNIERODE,,,Ponni Sugars (Erode) Limited
2017-06-05,194.3500061035156,202.0,193.9499969482422,196.1999969482422,174.39393615722656,2858,PONNIERODE,,,Ponni Sugars (Erode) Limited
2017-06-06,198.3999938964844,199.8000030517578,188.75,190.9499969482422,169.72743225097656,2903,PONNIERODE,,,Ponni Sugars (Erode) Limited
2017-06-07,192.1499938964844,195.0,190.0,191.5500030517578,170.2607421875,2328,PONNIERODE,,,Ponni Sugars (Erode) Limited
2017-06-08,194.9499969482422,197.9499969482422,189.5,194.5500030517578,172.92730712890625,1723,PONNIERODE,,,Ponni Sugars (Erode) Limited
2017-06-09,193.0,193.0,187.4499969482422,189.4499969482422,168.39413452148438,2287,PONNIERODE,,,Ponni Sugars (Erode) Limited
2017-06-12,189.6000061035156,190.0,185.0,186.8000030517578,166.03866577148438,3340,PONNIERODE,,,Ponni Sugars (Erode) Limited
2017-06-13,189.0,195.0,187.0,187.1499938964844,166.34976196289062,1700,PONNIERODE,,,Ponni Sugars (Erode) Limited
2017-06-14,189.0500030517578,192.0,187.0,189.5500030517578,168.48304748535156,1654,PONNIERODE,,,Ponni Sugars (Erode) Limited
2017-06-15,190.0,192.0,187.0,188.3500061035156,167.41639709472656,912,PONNIERODE,,,Ponni Sugars (Erode) Limited
2017-06-16,187.5500030517578,189.3999938964844,186.0,186.25,165.5498046875,1768,PONNIERODE,,,Ponni Sugars (Erode) Limited
2017-06-19,186.25,188.0,180.10000610351562,182.8999938964844,162.5720977783203,3799,PONNIERODE,,,Ponni Sugars (Erode) Limited
2017-06-20,182.0,187.3999938964844,180.4499969482422,182.8000030517578,162.4832305908203,872,PONNIERODE,,,Ponni Sugars (Erode) Limited
2017-06-21,183.5,189.5,182.8999938964844,188.1999969482422,167.28306579589844,3007,PONNIERODE,,,Ponni Sugars (Erode) Limited
2017-06-22,189.0,193.5,189.0,191.0,169.77186584472656,4104,PONNIERODE,,,Ponni Sugars (Erode) Limited
2017-06-23,191.75,192.9499969482422,185.0,186.8999938964844,166.12753295898438,1457,PONNIERODE,,,Ponni Sugars (Erode) Limited
2017-06-27,189.75,190.0,180.10000610351562,181.1000061035156,160.97216796875,3473,PONNIERODE,,,Ponni Sugars (Erode) Limited
2017-06-28,182.25,184.6499938964844,180.10000610351562,183.1000061035156,162.74989318847656,2962,PONNIERODE,,,Ponni Sugars (Erode) Limited
2017-06-29,183.6999969482422,186.6999969482422,173.3000030517578,180.4499969482422,160.3944091796875,3235,PONNIERODE,,,Ponni Sugars (Erode) Limited
2017-06-30,180.0,183.0,178.0500030517578,181.1499938964844,161.0166015625,927,PONNIERODE,,,Ponni Sugars (Erode) Limited
2017-07-03,185.0,186.6000061035156,175.10000610351562,178.5500030517578,158.70558166503906,5514,PONNIERODE,,,Ponni Sugars (Erode) Limited
2017-07-04,178.39999389648438,182.1000061035156,177.5,178.0,158.21669006347656,2993,PONNIERODE,,,Ponni Sugars (Erode) Limited
2017-07-05,178.0,182.0,178.0,181.3999938964844,161.23883056640625,1582,PONNIERODE,,,Ponni Sugars (Erode) Limited
2017-07-06,180.25,194.0,180.0,190.6999969482422,169.5052032470703,7333,PONNIERODE,,,Ponni Sugars (Erode) Limited
2017-07-07,193.9499969482422,203.8000030517578,185.1999969482422,198.4499969482422,176.39385986328125,21104,PONNIERODE,,,Ponni Sugars (Erode) Limited
2017-07-10,199.0,200.0,199.0,199.0,176.88272094726562,30,PONNIERODE,,,Ponni Sugars (Erode) Limited
2017-07-11,202.0,228.8000030517578,190.0,196.4499969482422,174.6161346435547,19351,PONNIERODE,,,Ponni Sugars (Erode) Limited
2017-07-12,196.6499938964844,199.8000030517578,190.1000061035156,191.1999969482422,169.94964599609375,6978,PONNIERODE,,,Ponni Sugars (Erode) Limited
2017-07-13,191.1999969482422,197.8000030517578,189.1000061035156,190.3999938964844,169.23854064941406,1399,PONNIERODE,,,Ponni Sugars (Erode) Limited
2017-07-14,193.0500030517578,197.5,191.0,194.8500061035156,173.1939697265625,1607,PONNIERODE,,,Ponni Sugars (Erode) Limited
2017-07-17,196.0,196.6999969482422,190.1999969482422,192.25,170.88294982910156,1340,PONNIERODE,,,Ponni Sugars (Erode) Limited
2017-07-18,191.0,192.6499938964844,186.1000061035156,188.25,167.3275146484375,630,PONNIERODE,,,Ponni Sugars (Erode) Limited
2017-07-19,189.0,193.3000030517578,188.0,188.1999969482422,167.28306579589844,817,PONNIERODE,,,Ponni Sugars (Erode) Limited
2017-07-20,193.8000030517578,198.6999969482422,192.0,195.9499969482422,174.1717071533203,7689,PONNIERODE,,,Ponni Sugars (Erode) Limited
2017-07-21,201.0,201.0,193.5,197.6000061035156,175.63833618164062,4670,PONNIERODE,,,Ponni Sugars (Erode) Limited
2017-07-24,198.0500030517578,201.9499969482422,194.5,196.0500030517578,174.2606201171875,2373,PONNIERODE,,,Ponni Sugars (Erode) Limited
2017-07-25,194.0,202.4499969482422,191.5,194.0500030517578,174.7107696533203,10133,PONNIERODE,,,Ponni Sugars (Erode) Limited
2017-07-26,194.0500030517578,195.8000030517578,192.0,194.0,174.66575622558594,2730,PONNIERODE,,,Ponni Sugars (Erode) Limited
2017-07-27,197.3500061035156,197.6999969482422,186.0,187.5,168.8135528564453,3031,PONNIERODE,,,Ponni Sugars (Erode) Limited
2017-07-28,192.6999969482422,193.1999969482422,185.5,186.5500030517578,167.95823669433594,2793,PONNIERODE,,,Ponni Sugars (Erode) Limited
2017-07-31,185.0500030517578,196.0,185.0500030517578,191.1000061035156,172.05477905273438,2639,PONNIERODE,,,Ponni Sugars (Erode) Limited
2017-08-01,195.8999938964844,195.8999938964844,186.1000061035156,188.1999969482422,169.44381713867188,3304,PONNIERODE,,,Ponni Sugars (Erode) Limited
2017-08-02,193.0,197.0500030517578,187.1499938964844,190.0,171.0644073486328,5829,PONNIERODE,,,Ponni Sugars (Erode) Limited
2017-08-03,188.6499938964844,189.8999938964844,178.10000610351562,180.3000030517578,162.33111572265625,13477,PONNIERODE,,,Ponni Sugars (Erode) Limited
2017-08-04,181.0,183.8000030517578,176.0,176.89999389648438,159.26995849609375,8797,PONNIERODE,,,Ponni Sugars (Erode) Limited
2017-08-07,178.3000030517578,185.5,178.0,183.3000030517578,165.03213500976562,5440,PONNIERODE,,,Ponni Sugars (Erode) Limited
2017-08-08,181.1499938964844,183.6999969482422,176.10000610351562,179.3000030517578,161.4307861328125,3683,PONNIERODE,,,Ponni Sugars (Erode) Limited
2017-08-09,178.0500030517578,180.0,177.9499969482422,178.0,160.2603302001953,6618,PONNIERODE,,,Ponni Sugars (Erode) Limited
2017-08-10,178.0,179.9499969482422,178.0,178.0,160.2603302001953,3195,PONNIERODE,,,Ponni Sugars (Erode) Limited
2017-08-11,178.0,179.0,171.3000030517578,173.60000610351562,156.29884338378906,4655,PONNIERODE,,,Ponni Sugars (Erode) Limited
2017-08-14,174.1999969482422,193.8999938964844,171.0,177.64999389648438,159.9451904296875,1542,PONNIERODE,,,Ponni Sugars (Erode) Limited
2017-08-16,176.0,176.0,171.0,173.89999389648438,156.56895446777344,1473,PONNIERODE,,,Ponni Sugars (Erode) Limited
2017-08-17,172.14999389648438,178.89999389648438,171.5,172.25,155.08338928222656,3382,PONNIERODE,,,Ponni Sugars (Erode) Limited
2017-08-18,172.10000610351562,172.10000610351562,167.0500030517578,168.35000610351562,151.5720672607422,4006,PONNIERODE,,,Ponni Sugars (Erode) Limited
2017-08-21,167.14999389648438,172.0,167.0,169.35000610351562,152.472412109375,3308,PONNIERODE,,,Ponni Sugars (Erode) Limited
2017-08-22,167.35000610351562,179.5,167.35000610351562,171.1999969482422,154.13803100585938,868,PONNIERODE,,,Ponni Sugars (Erode) Limited
2017-08-23,170.0500030517578,174.5,170.0500030517578,170.3000030517578,153.3277130126953,495,PONNIERODE,,,Ponni Sugars (Erode) Limited
2017-08-24,172.89999389648438,172.89999389648438,169.6999969482422,170.14999389648438,153.1926727294922,285,PONNIERODE,,,Ponni Sugars (Erode) Limited
2017-08-28,170.0500030517578,171.5,166.0,168.85000610351562,152.0222625732422,1058,PONNIERODE,,,Ponni Sugars (Erode) Limited
2017-08-29,174.0,175.60000610351562,169.0,173.5,156.20880126953125,3268,PONNIERODE,,,Ponni Sugars (Erode) Limited
2017-08-30,171.5500030517578,173.85000610351562,171.5,173.8000030517578,156.47891235351562,949,PONNIERODE,,,Ponni Sugars (Erode) Limited
2017-08-31,172.39999389648438,177.8000030517578,172.35000610351562,176.89999389648438,159.26995849609375,633,PONNIERODE,,,Ponni Sugars (Erode) Limited
2017-09-01,175.0,185.9499969482422,174.0,183.1499938964844,164.89707946777344,1708,PONNIERODE,,,Ponni Sugars (Erode) Limited
2017-09-04,180.0,183.5,176.89999389648438,178.0,160.2603302001953,226,PONNIERODE,,,Ponni Sugars (Erode) Limited
2017-09-05,178.0,189.0500030517578,172.75,188.75,169.93898010253906,7602,PONNIERODE,,,Ponni Sugars (Erode) Limited
2017-09-06,185.0,186.0,178.0,184.1999969482422,165.84242248535156,659,PONNIERODE,,,Ponni Sugars (Erode) Limited
2017-09-07,185.0,185.0,180.25,180.3500061035156,162.37611389160156,400,PONNIERODE,,,Ponni Sugars (Erode) Limited
2017-09-08,181.0,181.0,176.10000610351562,178.5,160.7104949951172,2199,PONNIERODE,,,Ponni Sugars (Erode) Limited
2017-09-11,177.0,177.0,171.0500030517578,173.9499969482422,156.6139678955078,3064,PONNIERODE,,,Ponni Sugars (Erode) Limited
2017-09-12,173.10000610351562,177.0,169.0,174.0500030517578,156.70401000976562,5189,PONNIERODE,,,Ponni Sugars (Erode) Limited
2017-09-13,175.8000030517578,177.0,174.0,175.39999389648438,157.91943359375,435,PONNIERODE,,,Ponni Sugars (Erode) Limited
2017-09-14,176.9499969482422,176.9499969482422,171.75,175.0500030517578,157.60433959960938,1546,PONNIERODE,,,Ponni Sugars (Erode) Limited
2017-09-15,175.0500030517578,177.0,171.39999389648438,172.14999389648438,154.9933624267578,1555,PONNIERODE,,,Ponni Sugars (Erode) Limited
2017-09-18,179.89999389648438,179.89999389648438,172.39999389648438,173.75,156.43386840820312,1181,PONNIERODE,,,Ponni Sugars (Erode) Limited
2017-09-19,172.0,177.0,170.4499969482422,175.3000030517578,157.82940673828125,461,PONNIERODE,,,Ponni Sugars (Erode) Limited
2017-09-20,174.0,175.4499969482422,172.0500030517578,175.0,157.559326171875,1736,PONNIERODE,,,Ponni Sugars (Erode) Limited
2017-09-21,174.0,174.9499969482422,170.0,172.64999389648438,155.4435272216797,2988,PONNIERODE,,,Ponni Sugars (Erode) Limited
2017-09-22,173.6999969482422,174.5,168.0,169.0,152.1572723388672,3152,PONNIERODE,,,Ponni Sugars (Erode) Limited
2017-09-25,169.0500030517578,169.0500030517578,164.0,165.0500030517578,148.6009521484375,1992,PONNIERODE,,,Ponni Sugars (Erode) Limited
2017-09-26,166.5,171.0,160.64999389648438,163.5,147.20542907714844,2636,PONNIERODE,,,Ponni Sugars (Erode) Limited
2017-09-27,162.0,167.5,162.0,162.8000030517578,146.57516479492188,605,PONNIERODE,,,Ponni Sugars (Erode) Limited
2017-09-28,162.8000030517578,165.0,161.64999389648438,164.89999389648438,148.46588134765625,833,PONNIERODE,,,Ponni Sugars (Erode) Limited
2017-09-29,163.0,177.60000610351562,161.39999389648438,173.60000610351562,156.29884338378906,3766,PONNIERODE,,,Ponni Sugars (Erode) Limited
2017-10-03,172.5,173.89999389648438,155.5,162.4499969482422,146.26007080078125,4793,PONNIERODE,,,Ponni Sugars (Erode) Limited
2017-10-04,162.5500030517578,167.9499969482422,159.0,164.9499969482422,148.5109100341797,3581,PONNIERODE,,,Ponni Sugars (Erode) Limited
2017-10-05,164.9499969482422,166.9499969482422,162.35000610351562,164.4499969482422,148.0607452392578,1068,PONNIERODE,,,Ponni Sugars (Erode) Limited
2017-10-06,161.10000610351562,169.8000030517578,161.10000610351562,164.10000610351562,147.74563598632812,3423,PONNIERODE,,,Ponni Sugars (Erode) Limited
2017-10-09,164.10000610351562,167.4499969482422,162.3000030517578,163.5,147.20542907714844,8765,PONNIERODE,,,Ponni Sugars (Erode) Limited
2017-10-10,164.60000610351562,177.0,163.0500030517578,173.4499969482422,156.16378784179688,4100,PONNIERODE,,,Ponni Sugars (Erode) Limited
2017-10-11,171.6999969482422,177.9499969482422,171.6999969482422,174.64999389648438,157.2441864013672,4815,PONNIERODE,,,Ponni Sugars (Erode) Limited
2017-10-12,172.0,178.5,168.35000610351562,173.4499969482422,156.16378784179688,2524,PONNIERODE,,,Ponni Sugars (Erode) Limited
2017-10-13,173.4499969482422,176.0,168.14999389648438,171.35000610351562,154.27308654785156,985,PONNIERODE,,,Ponni Sugars (Erode) Limited
2017-10-16,170.0,175.0,166.0500030517578,168.5500030517578,151.7521209716797,496,PONNIERODE,,,Ponni Sugars (Erode) Limited
2017-10-17,168.5500030517578,172.0,165.60000610351562,166.85000610351562,150.22157287597656,2914,PONNIERODE,,,Ponni Sugars (Erode) Limited
2017-10-18,171.6999969482422,171.6999969482422,166.60000610351562,169.89999389648438,152.96759033203125,645,PONNIERODE,,,Ponni Sugars (Erode) Limited
2017-10-19,173.89999389648438,177.0,171.0,174.8000030517578,157.37925720214844,817,PONNIERODE,,,Ponni Sugars (Erode) Limited
2017-10-23,174.0,176.0,168.8000030517578,175.39999389648438,157.91943359375,3721,PONNIERODE,,,Ponni Sugars (Erode) Limited
2017-10-24,176.0,180.0,173.5,177.25,159.5850830078125,2523,PONNIERODE,,,Ponni Sugars (Erode) Limited
2017-10-25,177.1999969482422,187.5,176.5,179.10000610351562,161.25070190429688,3169,PONNIERODE,,,Ponni Sugars (Erode) Limited
2017-10-26,174.14999389648438,181.8999938964844,168.5,171.64999389648438,154.5431671142578,6164,PONNIERODE,,,Ponni Sugars (Erode) Limited
2017-10-27,174.3000030517578,198.0,172.1999969482422,184.25,165.887451171875,22280,PONNIERODE,,,Ponni Sugars (Erode) Limited
2017-10-30,185.0,195.0,182.0,183.6499938964844,165.34727478027344,32929,PONNIERODE,,,Ponni Sugars (Erode) Limited
2017-10-31,186.6499938964844,186.6499938964844,180.5,184.6000061035156,166.20257568359375,2615,PONNIERODE,,,Ponni Sugars (Erode) Limited
2017-11-01,188.0,196.3999938964844,185.0,186.5500030517578,167.95823669433594,8534,PONNIERODE,,,Ponni Sugars (Erode) Limited
2017-11-02,186.6499938964844,187.8000030517578,183.1000061035156,184.1499938964844,165.79739379882812,2354,PONNIERODE,,,Ponni Sugars (Erode) Limited
2017-11-03,188.0,189.0,181.8999938964844,184.5,166.112548828125,1250,PONNIERODE,,,Ponni Sugars (Erode) Limited
2017-11-06,184.4499969482422,190.0,184.4499969482422,184.8000030517578,166.3826446533203,3576,PONNIERODE,,,Ponni Sugars (Erode) Limited
2017-11-07,185.0500030517578,188.8999938964844,176.0,182.0500030517578,163.9066925048828,4062,PONNIERODE,,,Ponni Sugars (Erode) Limited
2017-11-08,180.0,184.6000061035156,177.3000030517578,178.25,160.4853973388672,3211,PONNIERODE,,,Ponni Sugars (Erode) Limited
2017-11-09,177.0,181.0500030517578,174.0,175.25,157.78439331054688,2311,PONNIERODE,,,Ponni Sugars (Erode) Limited
2017-11-10,171.60000610351562,176.25,170.0,171.35000610351562,154.27308654785156,2044,PONNIERODE,,,Ponni Sugars (Erode) Limited
2017-11-13,171.35000610351562,176.5,170.0,170.10000610351562,153.14764404296875,1252,PONNIERODE,,,Ponni Sugars (Erode) Limited
2017-11-14,169.0,174.89999389648438,161.0,163.89999389648438,147.56556701660156,13831,PONNIERODE,,,Ponni Sugars (Erode) Limited
2017-11-15,162.0500030517578,172.0,152.5,157.25,141.57830810546875,8723,PONNIERODE,,,Ponni Sugars (Erode) Limited
2017-11-16,157.25,167.0,157.25,165.89999389648438,149.36622619628906,3758,PONNIERODE,,,Ponni Sugars (Erode) Limited
2017-11-17,163.25,170.0,163.25,167.0,150.35662841796875,1943,PONNIERODE,,,Ponni Sugars (Erode) Limited
2017-11-20,167.0,169.0,163.60000610351562,168.3000030517578,151.5270538330078,3235,PONNIERODE,,,Ponni Sugars (Erode) Limited
2017-11-21,168.0,169.5,164.3000030517578,167.14999389648438,150.4916534423828,2025,PONNIERODE,,,Ponni Sugars (Erode) Limited
2017-11-22,167.0,171.0,167.0,168.35000610351562,151.5720672607422,1187,PONNIERODE,,,Ponni Sugars (Erode) Limited
2017-11-23,168.35000610351562,173.39999389648438,164.0,170.35000610351562,153.3727264404297,2425,PONNIERODE,,,Ponni Sugars (Erode) Limited
2017-11-24,170.89999389648438,177.39999389648438,169.9499969482422,170.85000610351562,153.82290649414062,2727,PONNIERODE,,,Ponni Sugars (Erode) Limited
2017-11-27,172.89999389648438,174.89999389648438,169.5,172.39999389648438,155.2184295654297,1275,PONNIERODE,,,Ponni Sugars (Erode) Limited
2017-11-28,173.9499969482422,175.0,168.1999969482422,174.6999969482422,157.28921508789062,2027,PONNIERODE,,,Ponni Sugars (Erode) Limited
2017-11-29,175.0,177.0,172.5,173.3000030517578,156.0287322998047,1294,PONNIERODE,,,Ponni Sugars (Erode) Limited
2017-11-30,173.0,178.0,170.39999389648438,170.85000610351562,153.82290649414062,1525,PONNIERODE,,,Ponni Sugars (Erode) Limited
2017-12-01,173.0,174.89999389648438,170.4499969482422,172.1999969482422,155.03834533691406,1358,PONNIERODE,,,Ponni Sugars (Erode) Limited
2017-12-04,171.0500030517578,172.89999389648438,169.0,169.39999389648438,152.5174102783203,1921,PONNIERODE,,,Ponni Sugars (Erode) Limited
2017-12-05,168.0,172.6999969482422,166.0,168.5,151.70712280273438,1179,PONNIERODE,,,Ponni Sugars (Erode) Limited
2017-12-06,171.89999389648438,172.5,167.6999969482422,168.14999389648438,151.39198303222656,835,PONNIERODE,,,Ponni Sugars (Erode) Limited
2017-12-07,168.0,170.0,163.25,167.10000610351562,150.44662475585938,3379,PONNIERODE,,,Ponni Sugars (Erode) Limited
2017-12-08,168.0,172.0,168.0,170.9499969482422,153.91293334960938,1950,PONNIERODE,,,Ponni Sugars (Erode) Limited
2017-12-11,174.0,188.0,174.0,181.6999969482422,163.59158325195312,9759,PONNIERODE,,,Ponni Sugars (Erode) Limited
2017-12-12,183.8000030517578,188.0,173.25,179.5,161.61083984375,2381,PONNIERODE,,,Ponni Sugars (Erode) Limited
2017-12-13,179.5,179.5,175.35000610351562,177.0,159.36000061035156,399,PONNIERODE,,,Ponni Sugars (Erode) Limited
2017-12-14,175.0,181.8999938964844,171.5,172.60000610351562,155.3985137939453,775,PONNIERODE,,,Ponni Sugars (Erode) Limited
2017-12-15,173.0,173.9499969482422,166.1999969482422,172.25,155.08338928222656,1069,PONNIERODE,,,Ponni Sugars (Erode) Limited
2017-12-18,171.0500030517578,174.0,166.0,171.14999389648438,154.09300231933594,403,PONNIERODE,,,Ponni Sugars (Erode) Limited
2017-12-19,172.0,178.5,172.0,175.0,157.559326171875,1653,PONNIERODE,,,Ponni Sugars (Erode) Limited
2017-12-20,176.89999389648438,176.89999389648438,171.89999389648438,173.3000030517578,156.0287322998047,1692,PONNIERODE,,,Ponni Sugars (Erode) Limited
2017-12-21,175.0,178.0,171.5,174.25,156.88404846191406,3186,PONNIERODE,,,Ponni Sugars (Erode) Limited
2017-12-22,177.5,182.9499969482422,173.14999389648438,179.0,161.16067504882812,3585,PONNIERODE,,,Ponni Sugars (Erode) Limited
2017-12-26,182.0,185.8000030517578,179.0,179.39999389648438,161.5208282470703,4463,PONNIERODE,,,Ponni Sugars (Erode) Limited
2017-12-27,188.0,188.0,178.64999389648438,178.6999969482422,160.8905792236328,4105,PONNIERODE,,,Ponni Sugars (Erode) Limited
2017-12-28,189.0,189.0,179.89999389648438,181.0,162.9613494873047,9575,PONNIERODE,,,Ponni Sugars (Erode) Limited
2017-12-29,187.8999938964844,187.8999938964844,149.5,164.75,148.33082580566406,27307,PONNIERODE,,,Ponni Sugars (Erode) Limited
2018-01-01,171.39999389648438,175.0,169.0,173.25,155.9837188720703,5077,PONNIERODE,,,Ponni Sugars (Erode) Limited
2018-01-02,177.1999969482422,177.1999969482422,168.0,171.0500030517578,154.0029754638672,1977,PONNIERODE,,,Ponni Sugars (Erode) Limited
2018-01-03,171.10000610351562,175.0,167.0,173.0,155.75865173339844,3198,PONNIERODE,,,Ponni Sugars (Erode) Limited
2018-01-04,174.0,175.39999389648438,171.0,171.3000030517578,154.22808837890625,1274,PONNIERODE,,,Ponni Sugars (Erode) Limited
2018-01-05,170.0500030517578,174.0,170.0500030517578,172.0,154.85830688476562,3711,PONNIERODE,,,Ponni Sugars (Erode) Limited
2018-01-08,172.10000610351562,173.9499969482422,169.9499969482422,171.0,153.9579620361328,15162,PONNIERODE,,,Ponni Sugars (Erode) Limited
2018-01-09,173.39999389648438,174.5,172.9499969482422,174.0,156.65896606445312,2434,PONNIERODE,,,Ponni Sugars (Erode) Limited
2018-01-10,172.0,178.0500030517578,172.0,175.35000610351562,157.8744354248047,3181,PONNIERODE,,,Ponni Sugars (Erode) Limited
2018-01-11,175.1999969482422,175.1999969482422,171.35000610351562,174.10000610351562,156.7490234375,2206,PONNIERODE,,,Ponni Sugars (Erode) Limited
2018-01-12,177.85000610351562,178.89999389648438,174.4499969482422,174.5,157.10914611816406,2403,PONNIERODE,,,Ponni Sugars (Erode) Limited
2018-01-15,179.0,187.75,175.35000610351562,181.4499969482422,163.3665008544922,19483,PONNIERODE,,,Ponni Sugars (Erode) Limited
2018-01-16,175.0500030517578,183.0500030517578,174.0,178.10000610351562,160.35037231445312,5382,PONNIERODE,,,Ponni Sugars (Erode) Limited
2018-01-17,174.3000030517578,185.0,174.0,183.0,164.76202392578125,4603,PONNIERODE,,,Ponni Sugars (Erode) Limited
2018-01-18,184.9499969482422,185.0,178.0,179.14999389648438,161.2957305908203,7083,PONNIERODE,,,Ponni Sugars (Erode) Limited
2018-01-19,183.3500061035156,183.3999938964844,178.25,180.1999969482422,162.24107360839844,5488,PONNIERODE,,,Ponni Sugars (Erode) Limited
2018-01-22,179.9499969482422,180.6499938964844,171.6999969482422,177.85000610351562,160.12530517578125,7386,PONNIERODE,,,Ponni Sugars (Erode) Limited
2018-01-23,176.0,183.0,176.0,178.10000610351562,160.35037231445312,6509,PONNIERODE,,,Ponni Sugars (Erode) Limited
2018-01-24,176.14999389648438,183.0,176.14999389648438,182.4499969482422,164.26683044433594,2080,PONNIERODE,,,Ponni Sugars (Erode) Limited
2018-01-25,182.0,182.0,176.10000610351562,180.3500061035156,162.37611389160156,1279,PONNIERODE,,,Ponni Sugars (Erode) Limited
2018-01-29,178.1999969482422,183.0500030517578,177.9499969482422,178.10000610351562,160.35037231445312,1029,PONNIERODE,,,Ponni Sugars (Erode) Limited
2018-01-30,175.10000610351562,182.9499969482422,173.3000030517578,178.9499969482422,161.11563110351562,344,PONNIERODE,,,Ponni Sugars (Erode) Limited
2018-01-31,177.4499969482422,181.0500030517578,175.0,178.0500030517578,160.3053436279297,3461,PONNIERODE,,,Ponni Sugars (Erode) Limited
2018-02-01,178.0,189.0,178.0,178.4499969482422,160.66549682617188,1645,PONNIERODE,,,Ponni Sugars (Erode) Limited
2018-02-02,182.0,182.0,154.0,162.85000610351562,146.6201934814453,10358,PONNIERODE,,,Ponni Sugars (Erode) Limited
2018-02-05,162.1999969482422,174.8000030517578,158.0,172.14999389648438,154.9933624267578,4714,PONNIERODE,,,Ponni Sugars (Erode) Limited
2018-02-06,169.75,169.8000030517578,161.14999389648438,168.85000610351562,152.0222625732422,1669,PONNIERODE,,,Ponni Sugars (Erode) Limited
2018-02-07,167.0,176.0,166.0,168.60000610351562,151.79714965820312,4563,PONNIERODE,,,Ponni Sugars (Erode) Limited
2018-02-08,168.0,177.5,168.0,172.5500030517578,155.35348510742188,2678,PONNIERODE,,,Ponni Sugars (Erode) Limited
2018-02-09,179.35000610351562,179.35000610351562,169.0500030517578,172.85000610351562,155.6236114501953,3532,PONNIERODE,,,Ponni Sugars (Erode) Limited
2018-02-12,178.75,178.75,173.0,176.39999389648438,158.81979370117188,4199,PONNIERODE,,,Ponni Sugars (Erode) Limited
2018-02-14,180.0,180.0,170.0,171.5,154.4081268310547,1383,PONNIERODE,,,Ponni Sugars (Erode) Limited
2018-02-15,179.39999389648438,180.0,161.9499969482422,166.8000030517578,150.17654418945312,3225,PONNIERODE,,,Ponni Sugars (Erode) Limited
2018-02-16,168.0,171.6999969482422,162.60000610351562,165.35000610351562,148.8710479736328,3412,PONNIERODE,,,Ponni Sugars (Erode) Limited
2018-02-19,176.9499969482422,176.9499969482422,162.0,169.25,152.3823699951172,2738,PONNIERODE,,,Ponni Sugars (Erode) Limited
2018-02-20,172.0,172.0,168.25,169.9499969482422,153.0126190185547,1398,PONNIERODE,,,Ponni Sugars (Erode) Limited
2018-02-21,169.9499969482422,171.6999969482422,165.60000610351562,167.8000030517578,151.07687377929688,471,PONNIERODE,,,Ponni Sugars (Erode) Limited
2018-02-22,166.1999969482422,172.39999389648438,163.5,165.8000030517578,149.27618408203125,898,PONNIERODE,,,Ponni Sugars (Erode) Limited
2018-02-23,169.85000610351562,169.89999389648438,166.0500030517578,168.5,151.70712280273438,152,PONNIERODE,,,Ponni Sugars (Erode) Limited
2018-02-26,171.85000610351562,171.85000610351562,166.5500030517578,168.3000030517578,151.5270538330078,702,PONNIERODE,,,Ponni Sugars (Erode) Limited
2018-02-27,173.0,173.3000030517578,165.85000610351562,166.4499969482422,149.8614044189453,581,PONNIERODE,,,Ponni Sugars (Erode) Limited
2018-02-28,166.0,169.6999969482422,165.10000610351562,165.10000610351562,148.64596557617188,656,PONNIERODE,,,Ponni Sugars (Erode) Limited
2018-03-01,164.0,168.5,158.14999389648438,167.0,150.35662841796875,639,PONNIERODE,,,Ponni Sugars (Erode) Limited
2018-03-05,170.0500030517578,170.0500030517578,161.0,162.8000030517578,146.57516479492188,448,PONNIERODE,,,Ponni Sugars (Erode) Limited
2018-03-06,169.4499969482422,169.4499969482422,163.9499969482422,167.75,151.0318603515625,40744,PONNIERODE,,,Ponni Sugars (Erode) Limited
2018-03-07,172.0,172.0,154.1999969482422,158.39999389648438,142.61367797851562,38840,PONNIERODE,,,Ponni Sugars (Erode) Limited
2018-03-08,157.0,159.85000610351562,153.0500030517578,159.4499969482422,143.55905151367188,1187,PONNIERODE,,,Ponni Sugars (Erode) Limited
2018-03-09,160.89999389648438,162.9499969482422,155.0500030517578,157.0500030517578,141.39822387695312,723,PONNIERODE,,,Ponni Sugars (Erode) Limited
2018-03-12,156.0,159.89999389648438,150.8000030517578,154.0,138.65219116210938,1944,PONNIERODE,,,Ponni Sugars (Erode) Limited
2018-03-13,152.75,160.39999389648438,152.75,158.0500030517578,142.29856872558594,886,PONNIERODE,,,Ponni Sugars (Erode) Limited
2018-03-14,155.0500030517578,160.5,155.0500030517578,160.3000030517578,144.3243408203125,1512,PONNIERODE,,,Ponni Sugars (Erode) Limited
2018-03-15,157.0500030517578,161.89999389648438,157.0500030517578,161.1999969482422,145.13465881347656,742,PONNIERODE,,,Ponni Sugars (Erode) Limited
2018-03-16,169.39999389648438,169.4499969482422,158.0,158.9499969482422,143.10888671875,1264,PONNIERODE,,,Ponni Sugars (Erode) Limited
2018-03-19,157.0,160.4499969482422,148.10000610351562,156.75,141.12814331054688,2222,PONNIERODE,,,Ponni Sugars (Erode) Limited
2018-03-20,155.0,157.89999389648438,155.0,156.89999389648438,141.26318359375,426,PONNIERODE,,,Ponni Sugars (Erode) Limited
2018-03-21,156.5,159.85000610351562,150.10000610351562,152.60000610351562,137.3917236328125,4867,PONNIERODE,,,Ponni Sugars (Erode) Limited
2018-03-22,157.0,157.0,153.0500030517578,153.64999389648438,138.3370819091797,1958,PONNIERODE,,,Ponni Sugars (Erode) Limited
2018-03-23,152.9499969482422,153.39999389648438,147.9499969482422,151.10000610351562,136.0412139892578,3235,PONNIERODE,,,Ponni Sugars (Erode) Limited
2018-03-26,151.0,152.10000610351562,146.0,147.85000610351562,133.1151123046875,7760,PONNIERODE,,,Ponni Sugars (Erode) Limited
2018-03-27,146.14999389648438,150.0,145.0,146.60000610351562,131.9897003173828,1431,PONNIERODE,,,Ponni Sugars (Erode) Limited
2018-03-28,146.9499969482422,151.85000610351562,141.0,143.0,128.74847412109375,4548,PONNIERODE,,,Ponni Sugars (Erode) Limited
2018-04-02,143.0,150.0500030517578,143.0,146.64999389648438,132.03466796875,1034,PONNIERODE,,,Ponni Sugars (Erode) Limited
2018-04-03,145.0,151.60000610351562,145.0,146.8000030517578,132.1697540283203,2065,PONNIERODE,,,Ponni Sugars (Erode) Limited
2018-04-04,145.5,151.60000610351562,145.0,147.60000610351562,132.8900146484375,561,PONNIERODE,,,Ponni Sugars (Erode) Limited
2018-04-05,147.0,150.0,146.60000610351562,149.14999389648438,134.28553771972656,470,PONNIERODE,,,Ponni Sugars (Erode) Limited
2018-04-06,149.85000610351562,152.9499969482422,146.0,148.0,133.25018310546875,385,PONNIERODE,,,Ponni Sugars (Erode) Limited
2018-04-09,146.0,153.39999389648438,146.0,149.25,134.37559509277344,351,PONNIERODE,,,Ponni Sugars (Erode) Limited
2018-04-10,152.0,172.5,150.14999389648438,158.75,142.92881774902344,10031,PONNIERODE,,,Ponni Sugars (Erode) Limited
2018-04-11,160.0500030517578,162.0,157.0,157.89999389648438,142.16351318359375,829,PONNIERODE,,,Ponni Sugars (Erode) Limited
2018-04-12,157.8000030517578,163.89999389648438,154.60000610351562,156.0500030517578,140.49789428710938,1372,PONNIERODE,,,Ponni Sugars (Erode) Limited
2018-04-13,152.0,156.85000610351562,151.10000610351562,155.64999389648438,140.1377410888672,1095,PONNIERODE,,,Ponni Sugars (Erode) Limited
2018-04-16,153.10000610351562,157.85000610351562,149.3000030517578,151.10000610351562,136.0412139892578,1059,PONNIERODE,,,Ponni Sugars (Erode) Limited
2018-04-17,150.9499969482422,155.39999389648438,150.39999389648438,151.60000610351562,136.4913787841797,57,PONNIERODE,,,Ponni Sugars (Erode) Limited
2018-04-18,152.89999389648438,152.89999389648438,147.3000030517578,147.9499969482422,133.2051544189453,1472,PONNIERODE,,,Ponni Sugars (Erode) Limited
2018-04-19,145.3000030517578,147.0500030517578,145.3000030517578,146.64999389648438,132.03466796875,613,PONNIERODE,,,Ponni Sugars (Erode) Limited
2018-04-20,152.0,155.3000030517578,147.0,148.0,133.25018310546875,429,PONNIERODE,,,Ponni Sugars (Erode) Limited
2018-04-23,149.0500030517578,149.85000610351562,145.0500030517578,146.8000030517578,132.1697540283203,1343,PONNIERODE,,,Ponni Sugars (Erode) Limited
2018-04-24,147.0,152.35000610351562,146.1999969482422,147.89999389648438,133.16012573242188,1478,PONNIERODE,,,Ponni Sugars (Erode) Limited
2018-04-25,152.0,152.0,145.0,145.89999389648438,131.35943603515625,1691,PONNIERODE,,,Ponni Sugars (Erode) Limited
2018-04-26,147.0,148.5,143.0,143.35000610351562,129.06358337402344,2342,PONNIERODE,,,Ponni Sugars (Erode) Limited
2018-04-27,142.6999969482422,148.0500030517578,140.0500030517578,142.0500030517578,127.89315795898438,4971,PONNIERODE,,,Ponni Sugars (Erode) Limited
2018-04-30,142.0500030517578,146.0,141.0,142.6999969482422,128.47837829589844,1096,PONNIERODE,,,Ponni Sugars (Erode) Limited
2018-05-02,142.5,145.4499969482422,140.0500030517578,142.75,128.52337646484375,1475,PONNIERODE,,,Ponni Sugars (Erode) Limited
2018-05-03,144.0,148.0,140.8000030517578,142.35000610351562,128.16326904296875,1966,PONNIERODE,,,Ponni Sugars (Erode) Limited
2018-05-04,142.0500030517578,143.89999389648438,140.5,142.89999389648438,128.65843200683594,1657,PONNIERODE,,,Ponni Sugars (Erode) Limited
2018-05-07,144.5,144.5,141.10000610351562,142.1999969482422,128.02818298339844,450,PONNIERODE,,,Ponni Sugars (Erode) Limited
2018-05-08,140.6999969482422,140.75,140.6999969482422,140.6999969482422,126.6776885986328,365,PONNIERODE,,,Ponni Sugars (Erode) Limited
2018-05-09,141.0,142.75,140.60000610351562,142.75,128.52337646484375,807,PONNIERODE,,,Ponni Sugars (Erode) Limited
2018-05-10,142.5,142.5,135.8000030517578,139.64999389648438,125.73233032226562,962,PONNIERODE,,,Ponni Sugars (Erode) Limited
2018-05-11,142.89999389648438,144.0,138.1999969482422,140.0,126.04745483398438,579,PONNIERODE,,,Ponni Sugars (Erode) Limited
2018-05-14,138.0500030517578,139.89999389648438,136.14999389648438,137.25,123.57151794433594,288,PONNIERODE,,,Ponni Sugars (Erode) Limited
2018-05-15,136.64999389648438,141.0500030517578,136.64999389648438,137.0,123.34644317626952,588,PONNIERODE,,,Ponni Sugars (Erode) Limited
2018-05-16,135.0500030517578,139.85000610351562,135.0500030517578,137.1999969482422,123.52649688720705,71,PONNIERODE,,,Ponni Sugars (Erode) Limited
2018-05-17,141.75,141.75,136.0,137.8000030517578,124.06670379638672,487,PONNIERODE,,,Ponni Sugars (Erode) Limited
2018-05-18,140.0,140.0,133.6999969482422,135.5,121.9959487915039,844,PONNIERODE,,,Ponni Sugars (Erode) Limited
2018-05-21,134.35000610351562,134.85000610351562,131.0,131.0500030517578,117.98942565917967,2019,PONNIERODE,,,Ponni Sugars (Erode) Limited
2018-05-22,131.10000610351562,141.0,130.60000610351562,139.25,125.37220764160156,1667,PONNIERODE,,,Ponni Sugars (Erode) Limited
2018-05-23,139.5500030517578,143.5500030517578,134.0,134.25,120.87049102783205,1182,PONNIERODE,,,Ponni Sugars (Erode) Limited
2018-05-24,138.0,138.0,134.25,134.25,120.87049102783205,103,PONNIERODE,,,Ponni Sugars (Erode) Limited
2018-05-25,137.89999389648438,155.89999389648438,130.0,142.64999389648438,128.43333435058594,11755,PONNIERODE,,,Ponni Sugars (Erode) Limited
2018-05-28,145.0,145.89999389648438,138.39999389648438,140.64999389648438,126.63268280029295,2529,PONNIERODE,,,Ponni Sugars (Erode) Limited
2018-05-29,141.10000610351562,141.10000610351562,131.25,134.5500030517578,121.14060974121094,1667,PONNIERODE,,,Ponni Sugars (Erode) Limited
2018-05-30,134.5500030517578,145.0,134.5500030517578,139.10000610351562,125.2371597290039,2465,PONNIERODE,,,Ponni Sugars (Erode) Limited
2018-05-31,139.0500030517578,139.0500030517578,135.85000610351562,135.89999389648438,122.35604095458984,1120,PONNIERODE,,,Ponni Sugars (Erode) Limited
2018-06-01,135.0,139.0,131.3000030517578,132.5,119.29491424560548,1378,PONNIERODE,,,Ponni Sugars (Erode) Limited
2018-06-04,131.0,133.0,125.75,128.5,115.6935577392578,3997,PONNIERODE,,,Ponni Sugars (Erode) Limited
2018-06-05,130.0,130.0,125.8499984741211,125.9000015258789,113.35267639160156,852,PONNIERODE,,,Ponni Sugars (Erode) Limited
2018-06-06,125.25,130.0500030517578,124.9499969482422,128.0500030517578,115.28839874267578,1381,PONNIERODE,,,Ponni Sugars (Erode) Limited
2018-06-07,129.0,132.0,129.0,129.64999389648438,116.72893524169922,95,PONNIERODE,,,Ponni Sugars (Erode) Limited
2018-06-08,130.0,133.85000610351562,126.0,129.0500030517578,116.1887435913086,862,PONNIERODE,,,Ponni Sugars (Erode) Limited
2018-06-11,128.0,135.0,128.0,134.8000030517578,121.36570739746094,709,PONNIERODE,,,Ponni Sugars (Erode) Limited
2018-06-12,135.0,137.0,130.5,131.5,118.39456176757812,417,PONNIERODE,,,Ponni Sugars (Erode) Limited
2018-06-13,131.5,137.5,128.39999389648438,132.75,119.52000427246094,297,PONNIERODE,,,Ponni Sugars (Erode) Limited
2018-06-14,134.6999969482422,134.6999969482422,128.64999389648438,130.1999969482422,117.22412872314452,149,PONNIERODE,,,Ponni Sugars (Erode) Limited
2018-06-15,130.1999969482422,133.9499969482422,130.1999969482422,132.75,119.52000427246094,587,PONNIERODE,,,Ponni Sugars (Erode) Limited
2018-06-18,128.3000030517578,132.60000610351562,126.0,128.6999969482422,115.87361145019533,720,PONNIERODE,,,Ponni Sugars (Erode) Limited
2018-06-19,126.3000030517578,131.9499969482422,126.3000030517578,131.5,118.39456176757812,184,PONNIERODE,,,Ponni Sugars (Erode) Limited
2018-06-20,129.25,133.89999389648438,124.0,132.60000610351562,119.38494110107422,1516,PONNIERODE,,,Ponni Sugars (Erode) Limited
2018-06-21,130.0,130.0500030517578,126.1999969482422,126.9499969482422,114.29802703857422,869,PONNIERODE,,,Ponni Sugars (Erode) Limited
2018-06-22,126.0999984741211,130.0,118.3000030517578,125.8000030517578,113.26264190673828,1051,PONNIERODE,,,Ponni Sugars (Erode) Limited
2018-06-25,123.0,125.5,122.1999969482422,125.5,112.9925308227539,332,PONNIERODE,,,Ponni Sugars (Erode) Limited
2018-06-26,118.1500015258789,125.9000015258789,118.1500015258789,124.5,112.09220123291016,259,PONNIERODE,,,Ponni Sugars (Erode) Limited
2018-06-27,122.0,127.9000015258789,113.0999984741211,115.5999984741211,104.07919311523438,4281,PONNIERODE,,,Ponni Sugars (Erode) Limited
2018-06-28,112.25,131.10000610351562,112.25,117.4499969482422,105.74480438232422,1241,PONNIERODE,,,Ponni Sugars (Erode) Limited
2018-06-29,115.0,119.9000015258789,115.0,118.8000030517578,106.96027374267578,2902,PONNIERODE,,,Ponni Sugars (Erode) Limited
2018-07-02,119.0,119.0,115.0,115.0500030517578,103.58399963378906,1306,PONNIERODE,,,Ponni Sugars (Erode) Limited
2018-07-03,115.0,118.0,115.0,117.0500030517578,105.38467407226562,275,PONNIERODE,,,Ponni Sugars (Erode) Limited
2018-07-04,115.25,118.0,115.0,116.75,105.11457061767578,632,PONNIERODE,,,Ponni Sugars (Erode) Limited
2018-07-05,115.0999984741211,119.5500030517578,115.0999984741211,116.5500030517578,104.93450927734376,233,PONNIERODE,,,Ponni Sugars (Erode) Limited
2018-07-06,115.4499969482422,120.0,115.4499969482422,118.75,106.91524505615234,513,PONNIERODE,,,Ponni Sugars (Erode) Limited
2018-07-09,117.0500030517578,122.0,117.0500030517578,117.75,106.01490783691406,282,PONNIERODE,,,Ponni Sugars (Erode) Limited
2018-07-10,117.75,123.9000015258789,115.5500030517578,121.0999984741211,109.03105926513672,215,PONNIERODE,,,Ponni Sugars (Erode) Limited
2018-07-11,121.0,121.0,119.0999984741211,119.0999984741211,107.23036193847656,120,PONNIERODE,,,Ponni Sugars (Erode) Limited
2018-07-12,117.0,130.89999389648438,115.0,121.1999969482422,109.1210708618164,5149,PONNIERODE,,,Ponni Sugars (Erode) Limited
2018-07-13,128.5500030517578,128.5500030517578,118.0,120.75,108.71593475341795,437,PONNIERODE,,,Ponni Sugars (Erode) Limited
2018-07-16,124.9499969482422,124.9499969482422,115.0,116.5999984741211,104.97952270507812,1283,PONNIERODE,,,Ponni Sugars (Erode) Limited
2018-07-17,115.4499969482422,116.0500030517578,115.4499969482422,116.0,105.34278106689452,28,PONNIERODE,,,Ponni Sugars (Erode) Limited
2018-07-18,122.6999969482422,122.6999969482422,115.0999984741211,117.1999969482422,106.43252563476562,230,PONNIERODE,,,Ponni Sugars (Erode) Limited
2018-07-19,116.1999969482422,117.6999969482422,115.5999984741211,115.5999984741211,104.97953033447266,303,PONNIERODE,,,Ponni Sugars (Erode) Limited
2018-07-20,115.25,117.9499969482422,115.0,115.1500015258789,104.57086944580078,479,PONNIERODE,,,Ponni Sugars (Erode) Limited
2018-07-23,116.0500030517578,117.4499969482422,115.1999969482422,117.3000030517578,106.5233383178711,422,PONNIERODE,,,Ponni Sugars (Erode) Limited
2018-07-24,115.25,119.8000030517578,115.0,117.5500030517578,106.75037384033205,1000,PONNIERODE,,,Ponni Sugars (Erode) Limited
2018-07-25,115.0,120.3000030517578,115.0,118.8000030517578,107.88553619384766,2948,PONNIERODE,,,Ponni Sugars (Erode) Limited
2018-07-26,116.0,122.5500030517578,114.5,115.5,104.88871002197266,354,PONNIERODE,,,Ponni Sugars (Erode) Limited
2018-07-27,118.0,121.0,115.8000030517578,118.75,107.84011840820312,297,PONNIERODE,,,Ponni Sugars (Erode) Limited
2018-07-30,125.0,125.0,115.0,115.9000015258789,105.25196075439452,1013,PONNIERODE,,,Ponni Sugars (Erode) Limited
2018-07-31,122.5500030517578,122.5500030517578,115.4000015258789,118.9000015258789,107.97634887695312,954,PONNIERODE,,,Ponni Sugars (Erode) Limited
2018-08-01,117.0999984741211,119.9000015258789,117.0999984741211,119.8499984741211,108.83905792236328,1738,PONNIERODE,,,Ponni Sugars (Erode) Limited
2018-08-02,119.5999984741211,119.5999984741211,117.9000015258789,118.0,107.15902709960938,1298,PONNIERODE,,,Ponni Sugars (Erode) Limited
2018-08-03,118.0,120.0,118.0,119.0,108.06714630126952,852,PONNIERODE,,,Ponni Sugars (Erode) Limited
2018-08-06,119.0,120.0,118.0,119.5,108.5212173461914,2687,PONNIERODE,,,Ponni Sugars (Erode) Limited
2018-08-07,119.6500015258789,125.0,119.6500015258789,119.8499984741211,108.83905792236328,475,PONNIERODE,,,Ponni Sugars (Erode) Limited
2018-08-08,120.1500015258789,124.0,120.0500030517578,122.0999984741211,110.88235473632812,265,PONNIERODE,,,Ponni Sugars (Erode) Limited
2018-08-09,122.0,123.0,118.9000015258789,121.0500030517578,109.92881774902344,278,PONNIERODE,,,Ponni Sugars (Erode) Limited
2018-08-10,119.0,124.0,116.3000030517578,117.3499984741211,106.56873321533205,961,PONNIERODE,,,Ponni Sugars (Erode) Limited
2018-08-13,121.5,121.5,110.0,115.3499984741211,104.75249481201172,1383,PONNIERODE,,,Ponni Sugars (Erode) Limited
2018-08-14,120.0,120.0,116.0,116.5,105.7968292236328,221,PONNIERODE,,,Ponni Sugars (Erode) Limited
2018-08-16,113.0,128.0,111.0999984741211,123.4499969482422,112.10832214355467,365,PONNIERODE,,,Ponni Sugars (Erode) Limited
2018-08-17,118.8000030517578,125.0,118.0,119.1999969482422,108.248779296875,981,PONNIERODE,,,Ponni Sugars (Erode) Limited
2018-08-20,120.0,120.9000015258789,117.0,117.5999984741211,106.79576873779295,635,PONNIERODE,,,Ponni Sugars (Erode) Limited
2018-08-21,121.5500030517578,121.5500030517578,117.9499969482422,119.0500030517578,108.11255645751952,944,PONNIERODE,,,Ponni Sugars (Erode) Limited
2018-08-23,119.0500030517578,120.0,117.6500015258789,118.5,107.61309051513672,356,PONNIERODE,,,Ponni Sugars (Erode) Limited
2018-08-24,116.5,126.4499969482422,114.0999984741211,115.4000015258789,104.79790496826172,1752,PONNIERODE,,,Ponni Sugars (Erode) Limited
2018-08-27,118.0,119.9499969482422,117.1999969482422,117.9000015258789,107.0682144165039,127,PONNIERODE,,,Ponni Sugars (Erode) Limited
2018-08-28,118.0999984741211,123.6500015258789,118.0,120.5999984741211,109.5201644897461,1300,PONNIERODE,,,Ponni Sugars (Erode) Limited
2018-08-29,118.0,120.0,117.0,117.6500015258789,106.84117889404295,1583,PONNIERODE,,,Ponni Sugars (Erode) Limited
2018-08-30,119.9499969482422,120.0,114.0,116.9499969482422,106.20549011230467,1135,PONNIERODE,,,Ponni Sugars (Erode) Limited
2018-08-31,117.0,120.75,115.0,117.0500030517578,106.29630279541016,1539,PONNIERODE,,,Ponni Sugars (Erode) Limited
2018-09-03,115.4499969482422,118.4499969482422,115.3499984741211,116.75,106.02386474609376,648,PONNIERODE,,,Ponni Sugars (Erode) Limited
2018-09-04,116.9499969482422,120.4499969482422,115.5500030517578,118.5500030517578,107.65850830078124,486,PONNIERODE,,,Ponni Sugars (Erode) Limited
2018-09-05,115.3499984741211,118.0,114.3000030517578,114.6999969482422,104.1622085571289,1427,PONNIERODE,,,Ponni Sugars (Erode) Limited
2018-09-06,116.9499969482422,116.9499969482422,113.5500030517578,116.8000030517578,106.06926727294922,2358,PONNIERODE,,,Ponni Sugars (Erode) Limited
2018-09-07,116.0,124.6500015258789,116.0,121.9000015258789,110.70072174072266,4635,PONNIERODE,,,Ponni Sugars (Erode) Limited
2018-09-10,121.9000015258789,125.9000015258789,118.75,124.6500015258789,113.19808197021484,1854,PONNIERODE,,,Ponni Sugars (Erode) Limited
2018-09-11,125.0,126.5999984741211,123.0,125.9499969482422,114.3786392211914,1080,PONNIERODE,,,Ponni Sugars (Erode) Limited
2018-09-12,125.0,126.0,119.0500030517578,124.0500030517578,112.65320587158205,689,PONNIERODE,,,Ponni Sugars (Erode) Limited
2018-09-14,126.0,148.85000610351562,125.25,148.3000030517578,134.67527770996094,48733,PONNIERODE,,,Ponni Sugars (Erode) Limited
2018-09-17,149.89999389648438,176.4499969482422,147.9499969482422,169.25,153.70054626464844,176393,PONNIERODE,,,Ponni Sugars (Erode) Limited
2018-09-18,173.10000610351562,189.3999938964844,154.35000610351562,158.8000030517578,144.2106475830078,52906,PONNIERODE,,,Ponni Sugars (Erode) Limited
2018-09-19,164.5,165.0,148.3000030517578,154.10000610351562,139.9424285888672,12246,PONNIERODE,,,Ponni Sugars (Erode) Limited
2018-09-21,154.10000610351562,154.8000030517578,132.0,134.6999969482422,122.32474517822266,16319,PONNIERODE,,,Ponni Sugars (Erode) Limited
2018-09-24,138.0,138.5,123.0999984741211,127.0999984741211,115.4229736328125,7285,PONNIERODE,,,Ponni Sugars (Erode) Limited
2018-09-25,123.5500030517578,133.1999969482422,110.9499969482422,125.4499969482422,113.92456817626952,52361,PONNIERODE,,,Ponni Sugars (Erode) Limited
2018-09-26,131.0,131.0,120.0999984741211,120.9499969482422,109.83800506591795,12814,PONNIERODE,,,Ponni Sugars (Erode) Limited
2018-09-27,120.5999984741211,126.8000030517578,112.9499969482422,117.3000030517578,106.5233383178711,5830,PONNIERODE,,,Ponni Sugars (Erode) Limited
2018-09-28,121.0,121.0,108.0,110.5500030517578,100.39347839355467,6309,PONNIERODE,,,Ponni Sugars (Erode) Limited
2018-10-01,112.0,112.0,102.3000030517578,111.3000030517578,101.0745849609375,3557,PONNIERODE,,,Ponni Sugars (Erode) Limited
2018-10-03,111.3000030517578,119.75,111.3000030517578,115.3000030517578,104.70709228515624,2895,PONNIERODE,,,Ponni Sugars (Erode) Limited
2018-10-04,114.0,118.9000015258789,112.0999984741211,115.8000030517578,105.16114807128906,2356,PONNIERODE,,,Ponni Sugars (Erode) Limited
2018-10-05,115.25,122.75,113.0999984741211,115.5,104.88871002197266,2367,PONNIERODE,,,Ponni Sugars (Erode) Limited
2018-10-08,112.1999969482422,117.4000015258789,110.1500015258789,111.8000030517578,101.52863311767578,1000,PONNIERODE,,,Ponni Sugars (Erode) Limited
2018-10-09,116.9000015258789,125.0,110.1999969482422,118.5999984741211,107.7039031982422,5574,PONNIERODE,,,Ponni Sugars (Erode) Limited
2018-10-10,115.6500015258789,127.75,114.0500030517578,122.0,110.7915267944336,9144,PONNIERODE,,,Ponni Sugars (Erode) Limited
2018-10-11,118.0,126.0,114.4000015258789,117.0500030517578,106.29630279541016,8501,PONNIERODE,,,Ponni Sugars (Erode) Limited
2018-10-12,123.9499969482422,125.0,120.0,124.0500030517578,112.65320587158205,4002,PONNIERODE,,,Ponni Sugars (Erode) Limited
2018-10-15,134.8000030517578,147.0,126.5999984741211,141.14999389648438,128.1821746826172,33116,PONNIERODE,,,Ponni Sugars (Erode) Limited
2018-10-16,149.0,149.0,135.35000610351562,137.75,125.09455108642578,9472,PONNIERODE,,,Ponni Sugars (Erode) Limited
2018-10-17,137.75,140.0,121.9000015258789,125.8000030517578,114.24242401123048,9312,PONNIERODE,,,Ponni Sugars (Erode) Limited
2018-10-19,121.8000030517578,128.0500030517578,118.8000030517578,123.4000015258789,112.06291198730467,7613,PONNIERODE,,,Ponni Sugars (Erode) Limited
2018-10-22,121.5,124.0500030517578,119.0500030517578,119.8499984741211,108.83905792236328,1330,PONNIERODE,,,Ponni Sugars (Erode) Limited
2018-10-23,119.0500030517578,122.0,118.0,119.0,108.06714630126952,1741,PONNIERODE,,,Ponni Sugars (Erode) Limited
2018-10-24,116.4000015258789,124.4499969482422,116.4000015258789,117.4000015258789,106.61415100097656,2215,PONNIERODE,,,Ponni Sugars (Erode) Limited
2018-10-25,117.0,120.9000015258789,114.0999984741211,115.4499969482422,104.84329986572266,3688,PONNIERODE,,,Ponni Sugars (Erode) Limited
2018-10-26,120.75,120.75,113.0,115.9499969482422,105.29737854003906,7823,PONNIERODE,,,Ponni Sugars (Erode) Limited
2018-10-29,116.0500030517578,131.0,116.0500030517578,126.1500015258789,114.56026458740234,7272,PONNIERODE,,,Ponni Sugars (Erode) Limited
2018-10-30,128.89999389648438,134.5,125.1999969482422,128.0,116.24030303955078,2687,PONNIERODE,,,Ponni Sugars (Erode) Limited
2018-10-31,135.0,135.0,120.8000030517578,127.1500015258789,115.4683837890625,3970,PONNIERODE,,,Ponni Sugars (Erode) Limited
2018-11-01,126.0,128.89999389648438,124.4499969482422,125.9000015258789,114.3332290649414,1307,PONNIERODE,,,Ponni Sugars (Erode) Limited
2018-11-02,124.0,132.0,121.25,128.25,116.4673309326172,3252,PONNIERODE,,,Ponni Sugars (Erode) Limited
2018-11-05,129.75,129.75,124.3499984741211,126.9499969482422,115.2867660522461,1139,PONNIERODE,,,Ponni Sugars (Erode) Limited
2018-11-06,125.1500015258789,129.89999389648438,125.1500015258789,127.8000030517578,116.05867004394533,1512,PONNIERODE,,,Ponni Sugars (Erode) Limited
2018-11-07,127.0500030517578,130.0,124.0,125.1999969482422,113.6975326538086,3066,PONNIERODE,,,Ponni Sugars (Erode) Limited
2018-11-09,129.1999969482422,133.9499969482422,127.0500030517578,132.4499969482422,120.28145599365234,3156,PONNIERODE,,,Ponni Sugars (Erode) Limited
2018-11-12,133.39999389648438,151.0,130.0500030517578,147.60000610351562,134.03958129882812,21260,PONNIERODE,,,Ponni Sugars (Erode) Limited
2018-11-13,147.0,147.0,138.0,140.85000610351562,127.90974426269533,9376,PONNIERODE,,,Ponni Sugars (Erode) Limited
2018-11-14,139.0500030517578,144.0,137.0,139.1999969482422,126.41131591796876,1236,PONNIERODE,,,Ponni Sugars (Erode) Limited
2018-11-15,138.0500030517578,139.9499969482422,132.89999389648438,136.85000610351562,124.27723693847656,854,PONNIERODE,,,Ponni Sugars (Erode) Limited
2018-11-16,136.5,142.3000030517578,135.0500030517578,142.3000030517578,129.2265167236328,1393,PONNIERODE,,,Ponni Sugars (Erode) Limited
2018-11-19,142.39999389648438,142.39999389648438,137.5,140.10000610351562,127.2286376953125,1311,PONNIERODE,,,Ponni Sugars (Erode) Limited
2018-11-20,138.0500030517578,140.0,137.5500030517578,138.10000610351562,125.4123992919922,622,PONNIERODE,,,Ponni Sugars (Erode) Limited
2018-11-21,143.8000030517578,143.8000030517578,135.0,136.10000610351562,123.59615325927734,391,PONNIERODE,,,Ponni Sugars (Erode) Limited
2018-11-22,139.85000610351562,141.0500030517578,136.0500030517578,136.14999389648438,123.64154052734376,1447,PONNIERODE,,,Ponni Sugars (Erode) Limited
2018-11-26,141.89999389648438,142.0,132.0500030517578,135.39999389648438,122.9604263305664,2228,PONNIERODE,,,Ponni Sugars (Erode) Limited
2018-11-27,134.0,139.6999969482422,133.0,135.60000610351562,123.1420669555664,76,PONNIERODE,,,Ponni Sugars (Erode) Limited
2018-11-28,137.0,137.75,132.1999969482422,133.39999389648438,121.1441879272461,830,PONNIERODE,,,Ponni Sugars (Erode) Limited
2018-11-29,134.0,137.1999969482422,134.0,136.0500030517578,123.55072784423828,645,PONNIERODE,,,Ponni Sugars (Erode) Limited
2018-11-30,135.0,140.0,132.0,134.85000610351562,122.4609832763672,412,PONNIERODE,,,Ponni Sugars (Erode) Limited
2018-12-03,137.0,137.0,133.10000610351562,134.4499969482422,122.09770965576172,178,PONNIERODE,,,Ponni Sugars (Erode) Limited
2018-12-04,141.5,143.89999389648438,138.0,139.3000030517578,126.50213623046876,11125,PONNIERODE,,,Ponni Sugars (Erode) Limited
2018-12-05,139.25,139.25,133.0,135.89999389648438,123.41448974609376,833,PONNIERODE,,,Ponni Sugars (Erode) Limited
2018-12-06,133.0,137.89999389648438,131.0,134.8000030517578,122.41558837890624,707,PONNIERODE,,,Ponni Sugars (Erode) Limited
2018-12-07,135.0,136.0,132.5,133.0,120.78093719482422,871,PONNIERODE,,,Ponni Sugars (Erode) Limited
2018-12-10,131.60000610351562,132.0500030517578,130.0,130.10000610351562,118.14736938476562,472,PONNIERODE,,,Ponni Sugars (Erode) Limited
2018-12-11,130.0,133.75,128.25,131.60000610351562,119.50957489013672,2414,PONNIERODE,,,Ponni Sugars (Erode) Limited
2018-12-12,136.5,139.0,132.0,134.35000610351562,122.00690460205078,3467,PONNIERODE,,,Ponni Sugars (Erode) Limited
2018-12-13,132.85000610351562,135.0,131.60000610351562,134.9499969482422,122.55176544189452,1149,PONNIERODE,,,Ponni Sugars (Erode) Limited
2018-12-14,134.8000030517578,136.8000030517578,132.3000030517578,135.60000610351562,123.1420669555664,186,PONNIERODE,,,Ponni Sugars (Erode) Limited
2018-12-17,135.5,136.89999389648438,131.39999389648438,134.6999969482422,122.32474517822266,1096,PONNIERODE,,,Ponni Sugars (Erode) Limited
2018-12-18,132.0500030517578,139.0,132.0500030517578,137.0,124.4134521484375,626,PONNIERODE,,,Ponni Sugars (Erode) Limited
2018-12-19,138.9499969482422,140.8000030517578,137.0500030517578,140.5500030517578,127.63731384277344,3568,PONNIERODE,,,Ponni Sugars (Erode) Limited
2018-12-20,139.0,143.85000610351562,136.0,140.14999389648438,127.2740478515625,755,PONNIERODE,,,Ponni Sugars (Erode) Limited
2018-12-21,144.0,147.6999969482422,139.0,142.1999969482422,129.1356964111328,2148,PONNIERODE,,,Ponni Sugars (Erode) Limited
2018-12-24,140.0,140.0,131.25,136.8000030517578,124.2318344116211,437,PONNIERODE,,,Ponni Sugars (Erode) Limited
2018-12-26,135.0,139.39999389648438,134.10000610351562,139.0500030517578,126.27513122558594,279,PONNIERODE,,,Ponni Sugars (Erode) Limited
2018-12-27,143.39999389648438,143.39999389648438,137.1999969482422,138.10000610351562,125.4123992919922,246,PONNIERODE,,,Ponni Sugars (Erode) Limited
2018-12-28,136.0,142.0,134.39999389648438,136.1999969482422,123.68695068359376,189,PONNIERODE,,,Ponni Sugars (Erode) Limited
2018-12-31,137.9499969482422,139.10000610351562,133.60000610351562,137.0,124.4134521484375,1052,PONNIERODE,,,Ponni Sugars (Erode) Limited
2019-01-01,134.0500030517578,139.60000610351562,134.0500030517578,138.9499969482422,126.1842803955078,329,PONNIERODE,,,Ponni Sugars (Erode) Limited
2019-01-02,137.0500030517578,139.6999969482422,136.35000610351562,139.6999969482422,126.86538696289062,133,PONNIERODE,,,Ponni Sugars (Erode) Limited
2019-01-03,138.0,142.0,136.0,139.85000610351562,127.00163269042967,2940,PONNIERODE,,,Ponni Sugars (Erode) Limited
2019-01-04,142.9499969482422,143.0500030517578,136.3000030517578,138.39999389648438,125.684814453125,4124,PONNIERODE,,,Ponni Sugars (Erode) Limited
2019-01-07,138.39999389648438,140.6999969482422,134.25,135.10000610351562,122.6880111694336,1524,PONNIERODE,,,Ponni Sugars (Erode) Limited
2019-01-08,137.89999389648438,139.75,135.60000610351562,137.6999969482422,125.04913330078124,2378,PONNIERODE,,,Ponni Sugars (Erode) Limited
2019-01-09,135.0500030517578,137.75,130.25,136.9499969482422,124.3680419921875,1582,PONNIERODE,,,Ponni Sugars (Erode) Limited
2019-01-10,135.10000610351562,139.5,135.10000610351562,139.25,126.45675659179688,150,PONNIERODE,,,Ponni Sugars (Erode) Limited
2019-01-11,136.3000030517578,138.8000030517578,134.4499969482422,135.75,123.2782745361328,313,PONNIERODE,,,Ponni Sugars (Erode) Limited
2019-01-14,134.10000610351562,138.5500030517578,134.10000610351562,137.9499969482422,125.27615356445312,387,PONNIERODE,,,Ponni Sugars (Erode) Limited
2019-01-15,142.8000030517578,142.8000030517578,136.0,139.5500030517578,126.72915649414062,978,PONNIERODE,,,Ponni Sugars (Erode) Limited
2019-01-16,137.1999969482422,139.6999969482422,133.35000610351562,138.10000610351562,125.4123992919922,2191,PONNIERODE,,,Ponni Sugars (Erode) Limited
2019-01-17,142.25,142.3000030517578,136.35000610351562,140.8000030517578,127.86433410644533,1578,PONNIERODE,,,Ponni Sugars (Erode) Limited
2019-01-18,140.0,140.0,135.10000610351562,136.5,123.9593734741211,675,PONNIERODE,,,Ponni Sugars (Erode) Limited
2019-01-21,135.0,139.0500030517578,135.0,136.5,123.9593734741211,681,PONNIERODE,,,Ponni Sugars (Erode) Limited
2019-01-22,140.0,140.0,137.4499969482422,139.25,126.45675659179688,1612,PONNIERODE,,,Ponni Sugars (Erode) Limited
2019-01-23,139.9499969482422,139.9499969482422,137.25,138.89999389648438,126.13888549804688,520,PONNIERODE,,,Ponni Sugars (Erode) Limited
2019-01-24,138.0,141.0,138.0,139.9499969482422,127.09243774414062,1008,PONNIERODE,,,Ponni Sugars (Erode) Limited
2019-01-25,139.0,141.0,134.6999969482422,134.75,122.3701629638672,1284,PONNIERODE,,,Ponni Sugars (Erode) Limited
2019-01-28,133.0,140.0,130.3000030517578,137.60000610351562,124.95833587646484,1488,PONNIERODE,,,Ponni Sugars (Erode) Limited
2019-01-29,133.0500030517578,134.3000030517578,133.0500030517578,134.1999969482422,121.87068176269533,285,PONNIERODE,,,Ponni Sugars (Erode) Limited
2019-01-30,134.25,139.5,134.1999969482422,135.85000610351562,123.36910247802734,1094,PONNIERODE,,,Ponni Sugars (Erode) Limited
2019-01-31,135.85000610351562,135.85000610351562,135.10000610351562,135.35000610351562,122.9150390625,590,PONNIERODE,,,Ponni Sugars (Erode) Limited
2019-02-01,135.35000610351562,135.39999389648438,130.64999389648438,133.10000610351562,120.87176513671876,2072,PONNIERODE,,,Ponni Sugars (Erode) Limited
2019-02-04,131.14999389648438,137.39999389648438,131.14999389648438,137.1999969482422,124.59505462646484,654,PONNIERODE,,,Ponni Sugars (Erode) Limited
2019-02-05,137.1999969482422,137.1999969482422,130.35000610351562,131.5500030517578,119.4641571044922,879,PONNIERODE,,,Ponni Sugars (Erode) Limited
2019-02-06,131.75,134.0,130.0500030517578,131.0,118.96469116210938,2169,PONNIERODE,,,Ponni Sugars (Erode) Limited
2019-02-07,131.10000610351562,135.8000030517578,126.5999984741211,132.4499969482422,120.28145599365234,607,PONNIERODE,,,Ponni Sugars (Erode) Limited
2019-02-08,132.5,132.5,127.0,127.8000030517578,116.05867004394533,1412,PONNIERODE,,,Ponni Sugars (Erode) Limited
2019-02-11,125.1999969482422,132.64999389648438,124.1999969482422,124.75,113.28889465332033,1383,PONNIERODE,,,Ponni Sugars (Erode) Limited
2019-02-12,123.1500015258789,127.9499969482422,123.1500015258789,124.25,112.83482360839844,205,PONNIERODE,,,Ponni Sugars (Erode) Limited
2019-02-14,131.5,131.5,124.25,129.5500030517578,117.6479034423828,976,PONNIERODE,,,Ponni Sugars (Erode) Limited
2019-02-15,129.9499969482422,129.9499969482422,124.0999984741211,125.8000030517578,114.24242401123048,1025,PONNIERODE,,,Ponni Sugars (Erode) Limited
2019-02-18,129.0,129.5500030517578,121.0999984741211,128.75,116.92140197753906,574,PONNIERODE,,,Ponni Sugars (Erode) Limited
2019-02-19,131.35000610351562,134.6999969482422,131.10000610351562,133.85000610351562,121.5528564453125,308,PONNIERODE,,,Ponni Sugars (Erode) Limited
2019-02-20,131.0,135.0,127.3000030517578,129.5,117.6024932861328,370,PONNIERODE,,,Ponni Sugars (Erode) Limited
2019-02-21,130.0,133.0,125.6999969482422,130.14999389648438,118.19277954101562,530,PONNIERODE,,,Ponni Sugars (Erode) Limited
2019-02-22,130.25,135.0,130.25,131.3000030517578,119.23712158203124,536,PONNIERODE,,,Ponni Sugars (Erode) Limited
2019-02-25,136.75,155.5,136.4499969482422,148.5,134.85690307617188,17817,PONNIERODE,,,Ponni Sugars (Erode) Limited
2019-02-26,147.89999389648438,150.85000610351562,141.39999389648438,143.3000030517578,130.13465881347656,8249,PONNIERODE,,,Ponni Sugars (Erode) Limited
2019-02-27,144.6999969482422,148.35000610351562,134.75,136.35000610351562,123.82315826416016,3100,PONNIERODE,,,Ponni Sugars (Erode) Limited
2019-02-28,137.0,143.89999389648438,136.5,141.75,128.72706604003906,1753,PONNIERODE,,,Ponni Sugars (Erode) Limited
2019-03-01,145.14999389648438,146.0,132.1999969482422,133.6999969482422,121.41661834716795,16962,PONNIERODE,,,Ponni Sugars (Erode) Limited
2019-03-05,132.10000610351562,137.0,130.5500030517578,134.5500030517578,122.18854522705078,2493,PONNIERODE,,,Ponni Sugars (Erode) Limited
2019-03-06,137.0,140.0,136.14999389648438,137.0500030517578,124.45885467529295,3017,PONNIERODE,,,Ponni Sugars (Erode) Limited
2019-03-07,138.0,138.0,133.1999969482422,135.75,123.2782745361328,875,PONNIERODE,,,Ponni Sugars (Erode) Limited
2019-03-08,136.6999969482422,137.6999969482422,135.0,135.75,123.2782745361328,1519,PONNIERODE,,,Ponni Sugars (Erode) Limited
2019-03-11,133.75,137.64999389648438,132.14999389648438,134.8000030517578,122.41558837890624,2181,PONNIERODE,,,Ponni Sugars (Erode) Limited
2019-03-12,135.0,137.8000030517578,135.0,137.4499969482422,124.82210540771484,791,PONNIERODE,,,Ponni Sugars (Erode) Limited
2019-03-13,137.8000030517578,137.8000030517578,133.5,135.14999389648438,122.73340606689452,1476,PONNIERODE,,,Ponni Sugars (Erode) Limited
2019-03-14,136.85000610351562,139.75,134.60000610351562,135.0500030517578,122.64258575439452,1544,PONNIERODE,,,Ponni Sugars (Erode) Limited
2019-03-15,136.89999389648438,136.89999389648438,135.10000610351562,135.10000610351562,122.6880111694336,57,PONNIERODE,,,Ponni Sugars (Erode) Limited
2019-03-18,134.0,135.85000610351562,134.0,135.64999389648438,123.18746185302734,566,PONNIERODE,,,Ponni Sugars (Erode) Limited
2019-03-19,136.39999389648438,136.9499969482422,133.0500030517578,133.14999389648438,120.91715240478516,1244,PONNIERODE,,,Ponni Sugars (Erode) Limited
2019-03-20,133.1999969482422,136.0,133.1999969482422,135.0,122.5971908569336,224,PONNIERODE,,,Ponni Sugars (Erode) Limited
2019-03-22,136.8000030517578,137.0,133.3000030517578,135.10000610351562,122.6880111694336,522,PONNIERODE,,,Ponni Sugars (Erode) Limited
2019-03-25,134.14999389648438,134.14999389648438,130.0,133.0,120.78093719482422,1140,PONNIERODE,,,Ponni Sugars (Erode) Limited
2019-03-26,135.0,143.8000030517578,133.0,134.0500030517578,121.7344741821289,3128,PONNIERODE,,,Ponni Sugars (Erode) Limited
2019-03-27,133.25,136.0,133.10000610351562,134.89999389648438,122.5063705444336,1570,PONNIERODE,,,Ponni Sugars (Erode) Limited
2019-03-28,131.60000610351562,136.60000610351562,131.5,135.0500030517578,122.64258575439452,1912,PONNIERODE,,,Ponni Sugars (Erode) Limited
2019-04-01,132.60000610351562,136.0,132.60000610351562,135.89999389648438,123.41448974609376,1120,PONNIERODE,,,Ponni Sugars (Erode) Limited
2019-04-02,135.89999389648438,138.0,135.0,137.10000610351562,124.5042495727539,621,PONNIERODE,,,Ponni Sugars (Erode) Limited
2019-04-03,133.14999389648438,139.0,133.14999389648438,135.5,123.05126953125,210,PONNIERODE,,,Ponni Sugars (Erode) Limited
2019-04-04,133.0500030517578,140.10000610351562,133.0500030517578,137.25,124.64047241210938,757,PONNIERODE,,,Ponni Sugars (Erode) Limited
2019-04-05,141.5,141.5,133.0500030517578,135.35000610351562,122.9150390625,2186,PONNIERODE,,,Ponni Sugars (Erode) Limited
2019-04-08,136.0,136.0,132.0,132.25,120.09984588623048,3432,PONNIERODE,,,Ponni Sugars (Erode) Limited
2019-04-09,137.39999389648438,137.5,133.0,133.39999389648438,121.1441879272461,1696,PONNIERODE,,,Ponni Sugars (Erode) Limited
2019-04-10,134.5500030517578,134.5500030517578,132.0,134.0500030517578,121.7344741821289,987,PONNIERODE,,,Ponni Sugars (Erode) Limited
2019-04-11,134.5,136.0,130.5,132.10000610351562,119.963623046875,1436,PONNIERODE,,,Ponni Sugars (Erode) Limited
2019-04-12,132.0,136.5,130.5500030517578,133.39999389648438,121.1441879272461,828,PONNIERODE,,,Ponni Sugars (Erode) Limited
2019-04-15,132.60000610351562,135.64999389648438,132.5500030517578,133.3000030517578,121.05338287353516,967,PONNIERODE,,,Ponni Sugars (Erode) Limited
2019-04-16,133.0,134.0,131.10000610351562,132.39999389648438,120.2360610961914,2442,PONNIERODE,,,Ponni Sugars (Erode) Limited
2019-04-18,132.39999389648438,134.0,132.39999389648438,134.0,121.6890640258789,1378,PONNIERODE,,,Ponni Sugars (Erode) Limited
2019-04-22,131.25,133.0,131.1999969482422,131.64999389648438,119.55496215820312,1405,PONNIERODE,,,Ponni Sugars (Erode) Limited
2019-04-23,132.0,132.0,131.39999389648438,131.75,119.6457748413086,1224,PONNIERODE,,,Ponni Sugars (Erode) Limited
2019-04-24,131.5500030517578,133.0,130.64999389648438,130.64999389648438,118.64683532714844,740,PONNIERODE,,,Ponni Sugars (Erode) Limited
2019-04-25,134.8000030517578,134.8000030517578,129.5,131.85000610351562,119.73658752441406,1402,PONNIERODE,,,Ponni Sugars (Erode) Limited
2019-04-26,130.1999969482422,132.39999389648438,130.1999969482422,130.5,118.5106201171875,127,PONNIERODE,,,Ponni Sugars (Erode) Limited
2019-04-30,130.0500030517578,130.0500030517578,128.39999389648438,129.9499969482422,118.01113891601562,430,PONNIERODE,,,Ponni Sugars (Erode) Limited
2019-05-02,128.5,128.6999969482422,121.1500015258789,124.9000015258789,113.42510223388672,1813,PONNIERODE,,,Ponni Sugars (Erode) Limited
2019-05-03,125.0500030517578,125.0500030517578,121.25,123.9499969482422,112.5623779296875,1313,PONNIERODE,,,Ponni Sugars (Erode) Limited
2019-05-06,122.0500030517578,122.0500030517578,121.1500015258789,122.0,110.7915267944336,2551,PONNIERODE,,,Ponni Sugars (Erode) Limited
2019-05-07,122.0,122.0,119.4499969482422,120.8000030517578,109.70178985595705,722,PONNIERODE,,,Ponni Sugars (Erode) Limited
2019-05-08,119.0500030517578,120.0,117.0500030517578,118.5,107.61309051513672,3013,PONNIERODE,,,Ponni Sugars (Erode) Limited
2019-05-09,121.6999969482422,124.4000015258789,114.5,117.3000030517578,106.5233383178711,6996,PONNIERODE,,,Ponni Sugars (Erode) Limited
2019-05-10,120.0,120.0,109.8000030517578,112.6999969482422,102.345947265625,3679,PONNIERODE,,,Ponni Sugars (Erode) Limited
2019-05-13,111.0,114.5500030517578,108.8000030517578,112.25,101.93729400634766,212,PONNIERODE,,,Ponni Sugars (Erode) Limited
2019-05-14,111.0,112.9000015258789,108.5500030517578,109.0,98.98587799072266,1044,PONNIERODE,,,Ponni Sugars (Erode) Limited
2019-05-15,110.0,113.9000015258789,109.4000015258789,112.5999984741211,102.25513458251952,804,PONNIERODE,,,Ponni Sugars (Erode) Limited
2019-05-16,110.25,112.6999969482422,110.0500030517578,112.5999984741211,102.25513458251952,66,PONNIERODE,,,Ponni Sugars (Erode) Limited
2019-05-17,110.5500030517578,113.5,110.5500030517578,113.5,103.07244873046876,629,PONNIERODE,,,Ponni Sugars (Erode) Limited
2019-05-20,114.1500015258789,130.0,113.5,116.5,105.7968292236328,732,PONNIERODE,,,Ponni Sugars (Erode) Limited
2019-05-21,122.6500015258789,122.6500015258789,112.4000015258789,112.5,102.1643295288086,1276,PONNIERODE,,,Ponni Sugars (Erode) Limited
2019-05-22,112.5,115.0,112.0,112.0500030517578,101.75566864013672,69,PONNIERODE,,,Ponni Sugars (Erode) Limited
2019-05-23,116.0,120.8000030517578,110.3000030517578,115.6999969482422,105.0703353881836,780,PONNIERODE,,,Ponni Sugars (Erode) Limited
2019-05-24,117.0500030517578,135.39999389648438,117.0,128.3000030517578,116.5127410888672,10418,PONNIERODE,,,Ponni Sugars (Erode) Limited
2019-05-27,133.0,135.0,129.0,130.0,118.05655670166016,8835,PONNIERODE,,,Ponni Sugars (Erode) Limited
2019-05-28,130.0,130.0,128.10000610351562,128.10000610351562,116.33111572265624,726,PONNIERODE,,,Ponni Sugars (Erode) Limited
2019-05-29,127.0,131.14999389648438,122.0,128.39999389648438,116.60354614257812,1868,PONNIERODE,,,Ponni Sugars (Erode) Limited
2019-05-30,137.0,137.0,125.0,126.1500015258789,114.56026458740234,487,PONNIERODE,,,Ponni Sugars (Erode) Limited
2019-05-31,126.25,129.0,126.0999984741211,128.0,116.24030303955078,259,PONNIERODE,,,Ponni Sugars (Erode) Limited
2019-06-03,125.9000015258789,132.8000030517578,125.9000015258789,127.0,115.3321762084961,1052,PONNIERODE,,,Ponni Sugars (Erode) Limited
2019-06-04,129.3000030517578,133.0,129.1999969482422,130.9499969482422,118.91927337646484,768,PONNIERODE,,,Ponni Sugars (Erode) Limited
2019-06-06,137.0,137.0,119.1999969482422,122.3499984741211,111.10938262939452,1682,PONNIERODE,,,Ponni Sugars (Erode) Limited
2019-06-07,128.9499969482422,130.85000610351562,123.6999969482422,123.9000015258789,112.51698303222656,2621,PONNIERODE,,,Ponni Sugars (Erode) Limited
2019-06-10,125.1500015258789,127.75,125.0,125.25,113.7429428100586,938,PONNIERODE,,,Ponni Sugars (Erode) Limited
2019-06-11,122.0999984741211,124.8499984741211,117.8499984741211,121.6500015258789,110.47368621826172,1363,PONNIERODE,,,Ponni Sugars (Erode) Limited
2019-06-12,121.6500015258789,125.0500030517578,121.5500030517578,121.6500015258789,110.47368621826172,67,PONNIERODE,,,Ponni Sugars (Erode) Limited
2019-06-13,121.6999969482422,128.39999389648438,119.0999984741211,123.5,112.15373229980467,917,PONNIERODE,,,Ponni Sugars (Erode) Limited
2019-06-14,124.9000015258789,124.9000015258789,117.4000015258789,122.0999984741211,110.88235473632812,222,PONNIERODE,,,Ponni Sugars (Erode) Limited
2019-06-17,120.0,120.0,115.0,117.9499969482422,107.11360931396484,523,PONNIERODE,,,Ponni Sugars (Erode) Limited
2019-06-18,116.0,116.0,112.8000030517578,114.0,103.52651977539062,529,PONNIERODE,,,Ponni Sugars (Erode) Limited
2019-06-19,114.5500030517578,115.5,110.1999969482422,111.1999969482422,100.98375701904295,1261,PONNIERODE,,,Ponni Sugars (Erode) Limited
2019-06-20,113.0,118.5,113.0,113.5,103.07244873046876,2143,PONNIERODE,,,Ponni Sugars (Erode) Limited
2019-06-21,119.4000015258789,119.9000015258789,115.0,115.3000030517578,104.70709228515624,269,PONNIERODE,,,Ponni Sugars (Erode) Limited
2019-06-24,113.0,123.4000015258789,111.3499984741211,114.6999969482422,104.1622085571289,328,PONNIERODE,,,Ponni Sugars (Erode) Limited
2019-06-25,120.9499969482422,120.9499969482422,114.0999984741211,115.5,104.88871002197266,152,PONNIERODE,,,Ponni Sugars (Erode) Limited
2019-06-26,117.0,119.0,113.3000030517578,114.0,103.52651977539062,1775,PONNIERODE,,,Ponni Sugars (Erode) Limited
2019-06-27,118.0,121.5,115.0,115.9499969482422,105.29737854003906,2433,PONNIERODE,,,Ponni Sugars (Erode) Limited
2019-06-28,117.0,118.5,114.0500030517578,117.5500030517578,106.75037384033205,1942,PONNIERODE,,,Ponni Sugars (Erode) Limited
2019-07-01,118.0,118.0,116.0,116.8000030517578,106.06926727294922,390,PONNIERODE,,,Ponni Sugars (Erode) Limited
2019-07-02,117.0500030517578,117.0500030517578,113.5,116.25,105.56980895996094,574,PONNIERODE,,,Ponni Sugars (Erode) Limited
2019-07-03,116.25,117.0,108.3000030517578,115.0,104.43464660644533,1314,PONNIERODE,,,Ponni Sugars (Erode) Limited
2019-07-04,115.0,117.0,110.0500030517578,116.1500015258789,105.47898864746094,1887,PONNIERODE,,,Ponni Sugars (Erode) Limited
2019-07-05,121.9499969482422,121.9499969482422,112.5999984741211,112.5999984741211,102.25513458251952,2927,PONNIERODE,,,Ponni Sugars (Erode) Limited
2019-07-08,112.6500015258789,117.0,109.0,110.75,100.57511138916016,1549,PONNIERODE,,,Ponni Sugars (Erode) Limited
2019-07-09,110.8000030517578,115.0,109.4499969482422,114.9499969482422,104.38924407958984,1868,PONNIERODE,,,Ponni Sugars (Erode) Limited
2019-07-10,118.0,118.0,114.9499969482422,117.4000015258789,106.61415100097656,502,PONNIERODE,,,Ponni Sugars (Erode) Limited
2019-07-11,114.0,121.0,111.25,120.9499969482422,109.83800506591795,369,PONNIERODE,,,Ponni Sugars (Erode) Limited
2019-07-12,118.0,138.89999389648438,118.0,124.3499984741211,112.92564392089844,7681,PONNIERODE,,,Ponni Sugars (Erode) Limited
2019-07-15,120.5,123.9499969482422,118.0,118.0500030517578,108.95685577392578,306,PONNIERODE,,,Ponni Sugars (Erode) Limited
2019-07-16,120.0500030517578,120.0500030517578,113.5999984741211,115.4499969482422,106.55712890625,895,PONNIERODE,,,Ponni Sugars (Erode) Limited
2019-07-17,113.0,120.0,110.0,115.0,106.14179229736328,256,PONNIERODE,,,Ponni Sugars (Erode) Limited
2019-07-18,115.1999969482422,115.1999969482422,110.25,113.5999984741211,104.84962463378906,422,PONNIERODE,,,Ponni Sugars (Erode) Limited
2019-07-19,112.0,114.4000015258789,106.0,112.3499984741211,103.6959228515625,123,PONNIERODE,,,Ponni Sugars (Erode) Limited
2019-07-22,118.75,118.8000030517578,109.0999984741211,116.0,107.06477355957033,54,PONNIERODE,,,Ponni Sugars (Erode) Limited
2019-07-23,112.0,120.0,109.0500030517578,116.8000030517578,107.80313873291016,405,PONNIERODE,,,Ponni Sugars (Erode) Limited
2019-07-24,112.0500030517578,114.9499969482422,107.25,111.9499969482422,103.32672882080078,833,PONNIERODE,,,Ponni Sugars (Erode) Limited
2019-07-25,113.0500030517578,113.0500030517578,103.0999984741211,107.4000015258789,99.12720489501952,1161,PONNIERODE,,,Ponni Sugars (Erode) Limited
2019-07-26,106.5999984741211,113.9499969482422,106.5999984741211,113.3000030517578,104.57274627685548,236,PONNIERODE,,,Ponni Sugars (Erode) Limited
2019-07-29,113.0,113.0,103.0999984741211,104.9000015258789,96.8197784423828,2658,PONNIERODE,,,Ponni Sugars (Erode) Limited
2019-07-30,104.0500030517578,112.9000015258789,99.0,99.1999969482422,91.558837890625,1296,PONNIERODE,,,Ponni Sugars (Erode) Limited
2019-07-31,99.3000030517578,102.8000030517578,94.4000015258789,99.9499969482422,92.25106811523438,684,PONNIERODE,,,Ponni Sugars (Erode) Limited
2019-08-01,103.3499984741211,108.75,97.0,107.0999984741211,98.85030364990234,4280,PONNIERODE,,,Ponni Sugars (Erode) Limited
2019-08-02,102.5999984741211,112.9499969482422,100.0500030517578,106.8000030517578,98.57341766357422,2219,PONNIERODE,,,Ponni Sugars (Erode) Limited
2019-08-05,106.6999969482422,106.6999969482422,104.0,104.9000015258789,96.8197784423828,305,PONNIERODE,,,Ponni Sugars (Erode) Limited
2019-08-06,106.0,114.0,102.1500015258789,102.5500030517578,94.65078735351562,610,PONNIERODE,,,Ponni Sugars (Erode) Limited
2019-08-07,103.0,109.9499969482422,102.0,104.1500015258789,96.12754821777344,1023,PONNIERODE,,,Ponni Sugars (Erode) Limited
2019-08-08,101.5,109.4000015258789,100.0,103.0500030517578,95.1122817993164,1761,PONNIERODE,,,Ponni Sugars (Erode) Limited
2019-08-09,103.0500030517578,108.9000015258789,101.5,103.5,95.5276107788086,1030,PONNIERODE,,,Ponni Sugars (Erode) Limited
2019-08-13,101.5,108.5,100.0,100.75,92.98944091796876,531,PONNIERODE,,,Ponni Sugars (Erode) Limited
2019-08-14,101.5,108.5,97.5,104.6500015258789,96.58904266357422,2156,PONNIERODE,,,Ponni Sugars (Erode) Limited
2019-08-16,101.5,107.9000015258789,101.5,102.9000015258789,94.97382354736328,432,PONNIERODE,,,Ponni Sugars (Erode) Limited
2019-08-19,103.0,112.5,103.0,104.5999984741211,96.54287719726562,999,PONNIERODE,,,Ponni Sugars (Erode) Limited
2019-08-20,102.5,112.5,101.5500030517578,103.0999984741211,95.1584243774414,597,PONNIERODE,,,Ponni Sugars (Erode) Limited
2019-08-21,105.8499984741211,105.9000015258789,100.6999969482422,103.0,95.06613159179688,786,PONNIERODE,,,Ponni Sugars (Erode) Limited
2019-08-22,100.0,100.0500030517578,98.0,100.0,92.29721069335938,121,PONNIERODE,,,Ponni Sugars (Erode) Limited
2019-08-23,100.0999984741211,102.8499984741211,98.0,98.1999969482422,90.63585662841795,389,PONNIERODE,,,Ponni Sugars (Erode) Limited
2019-08-26,100.0,107.4000015258789,98.5999984741211,103.8499984741211,95.85064697265624,486,PONNIERODE,,,Ponni Sugars (Erode) Limited
2019-08-27,103.0,109.0,103.0,108.4499969482422,100.09632110595705,409,PONNIERODE,,,Ponni Sugars (Erode) Limited
2019-08-28,105.0500030517578,109.25,103.0,104.8000030517578,96.72747039794922,2260,PONNIERODE,,,Ponni Sugars (Erode) Limited
2019-08-29,111.75,111.75,99.0,100.9499969482422,93.17403411865234,1999,PONNIERODE,,,Ponni Sugars (Erode) Limited
2019-08-30,102.5500030517578,103.8499984741211,100.5,101.5999984741211,93.77396392822266,2761,PONNIERODE,,,Ponni Sugars (Erode) Limited
2019-09-03,103.0,103.0,100.5500030517578,101.0500030517578,93.26634216308594,81,PONNIERODE,,,Ponni Sugars (Erode) Limited
2019-09-04,99.25,104.8000030517578,99.25,102.6999969482422,94.78923034667967,637,PONNIERODE,,,Ponni Sugars (Erode) Limited
2019-09-05,106.75,106.75,101.0999984741211,104.0,95.98909759521484,333,PONNIERODE,,,Ponni Sugars (Erode) Limited
2019-09-06,104.1500015258789,104.1500015258789,103.0999984741211,103.0999984741211,95.1584243774414,145,PONNIERODE,,,Ponni Sugars (Erode) Limited
2019-09-09,102.9499969482422,103.0999984741211,102.1999969482422,102.1999969482422,94.32774353027344,197,PONNIERODE,,,Ponni Sugars (Erode) Limited
2019-09-11,105.5,111.5,103.0,108.5500030517578,100.18862915039062,1226,PONNIERODE,,,Ponni Sugars (Erode) Limited
2019-09-12,108.0,111.5,106.0,109.9000015258789,101.43463134765624,940,PONNIERODE,,,Ponni Sugars (Erode) Limited
2019-09-13,114.0999984741211,114.0999984741211,109.0500030517578,111.0999984741211,102.54219818115234,2975,PONNIERODE,,,Ponni Sugars (Erode) Limited
2019-09-16,114.9000015258789,119.8000030517578,107.5999984741211,118.75,109.60293579101562,3808,PONNIERODE,,,Ponni Sugars (Erode) Limited
2019-09-17,115.0,122.0,109.0999984741211,110.0,101.52693176269533,2318,PONNIERODE,,,Ponni Sugars (Erode) Limited
2019-09-18,116.9000015258789,117.0,110.0,111.8499984741211,103.23443603515624,664,PONNIERODE,,,Ponni Sugars (Erode) Limited
2019-09-19,113.75,113.75,108.1999969482422,108.1999969482422,99.86558532714844,423,PONNIERODE,,,Ponni Sugars (Erode) Limited
2019-09-20,110.0,113.4499969482422,108.3000030517578,108.5500030517578,100.18862915039062,2905,PONNIERODE,,,Ponni Sugars (Erode) Limited
2019-09-23,108.5500030517578,115.0,107.4000015258789,108.5500030517578,100.18862915039062,12849,PONNIERODE,,,Ponni Sugars (Erode) Limited
2019-09-24,110.8000030517578,110.8000030517578,106.0500030517578,106.9499969482422,98.71186065673828,1449,PONNIERODE,,,Ponni Sugars (Erode) Limited
2019-09-25,107.5,112.75,107.5,110.3000030517578,101.8038330078125,1441,PONNIERODE,,,Ponni Sugars (Erode) Limited
2019-09-26,108.3000030517578,113.9000015258789,108.3000030517578,113.0,104.2958526611328,559,PONNIERODE,,,Ponni Sugars (Erode) Limited
2019-09-27,110.0,110.0,106.0,109.4499969482422,101.01930236816406,1456,PONNIERODE,,,Ponni Sugars (Erode) Limited
2019-09-30,107.0,111.9000015258789,105.0500030517578,109.1999969482422,100.7885513305664,3012,PONNIERODE,,,Ponni Sugars (Erode) Limited
2019-10-01,112.9000015258789,112.9000015258789,107.5,109.6999969482422,101.25003814697266,3608,PONNIERODE,,,Ponni Sugars (Erode) Limited
2019-10-03,106.0,112.8499984741211,106.0,109.8000030517578,101.34234619140624,882,PONNIERODE,,,Ponni Sugars (Erode) Limited
2019-10-04,107.0,110.0,107.0,109.4499969482422,101.01930236816406,861,PONNIERODE,,,Ponni Sugars (Erode) Limited
2019-10-07,109.3000030517578,109.3000030517578,107.0,107.0,98.75801849365234,434,PONNIERODE,,,Ponni Sugars (Erode) Limited
2019-10-09,111.9499969482422,111.9499969482422,109.0,111.5,102.91138458251952,403,PONNIERODE,,,Ponni Sugars (Erode) Limited
2019-10-10,108.0,111.0,106.25,110.5,101.9884262084961,455,PONNIERODE,,,Ponni Sugars (Erode) Limited
2019-10-11,107.0,109.5999984741211,105.3000030517578,105.6999969482422,97.5581512451172,2028,PONNIERODE,,,Ponni Sugars (Erode) Limited
2019-10-14,105.6999969482422,105.6999969482422,102.5,104.3499984741211,96.31214904785156,1177,PONNIERODE,,,Ponni Sugars (Erode) Limited
2019-10-15,104.3499984741211,107.0,104.0,106.8499984741211,98.6195831298828,746,PONNIERODE,,,Ponni Sugars (Erode) Limited
2019-10-16,105.3000030517578,109.75,100.0999984741211,109.4499969482422,101.01930236816406,1625,PONNIERODE,,,Ponni Sugars (Erode) Limited
2019-10-17,109.75,109.75,107.0999984741211,107.3499984741211,99.08104705810548,820,PONNIERODE,,,Ponni Sugars (Erode) Limited
2019-10-18,106.6500015258789,113.4499969482422,106.6500015258789,108.4000015258789,100.05017852783205,2080,PONNIERODE,,,Ponni Sugars (Erode) Limited
2019-10-22,106.1500015258789,111.6999969482422,106.1500015258789,107.0500030517578,98.80416870117188,227,PONNIERODE,,,Ponni Sugars (Erode) Limited
2019-10-23,118.5,118.5,105.0,105.5999984741211,97.46585845947266,271,PONNIERODE,,,Ponni Sugars (Erode) Limited
2019-10-24,106.0500030517578,107.0999984741211,106.0500030517578,107.0999984741211,98.85030364990234,481,PONNIERODE,,,Ponni Sugars (Erode) Limited
2019-10-25,127.9000015258789,127.9000015258789,105.0,106.6999969482422,98.48111724853516,4089,PONNIERODE,,,Ponni Sugars (Erode) Limited
2019-10-29,106.1999969482422,110.8499984741211,106.1999969482422,109.0,100.6039581298828,433,PONNIERODE,,,Ponni Sugars (Erode) Limited
2019-10-30,107.0500030517578,111.9000015258789,107.0500030517578,107.6999969482422,99.40408325195312,191,PONNIERODE,,,Ponni Sugars (Erode) Limited
2019-10-31,109.0,116.0,109.0,114.75,105.91104888916016,639,PONNIERODE,,,Ponni Sugars (Erode) Limited
2019-11-01,115.5,128.89999389648438,112.0500030517578,121.0,111.67962646484376,15052,PONNIERODE,,,Ponni Sugars (Erode) Limited
2019-11-04,121.0,124.0,118.0,118.3499984741211,109.23374938964844,579,PONNIERODE,,,Ponni Sugars (Erode) Limited
2019-11-05,122.9000015258789,124.9000015258789,115.1999969482422,115.5500030517578,106.64942169189452,1666,PONNIERODE,,,Ponni Sugars (Erode) Limited
2019-11-06,123.5,128.0,115.5,125.8000030517578,116.10989379882812,8625,PONNIERODE,,,Ponni Sugars (Erode) Limited
2019-11-07,130.0,130.0,122.0500030517578,127.8499984741211,118.00199127197266,529,PONNIERODE,,,Ponni Sugars (Erode) Limited
2019-11-08,121.8499984741211,132.85000610351562,119.0,123.0999984741211,113.6178741455078,1224,PONNIERODE,,,Ponni Sugars (Erode) Limited
2019-11-11,137.0,147.6999969482422,136.0500030517578,147.6999969482422,136.32296752929688,33888,PONNIERODE,,,Ponni Sugars (Erode) Limited
2019-11-13,158.0,174.0,155.0,164.60000610351562,151.9212188720703,190254,PONNIERODE,,,Ponni Sugars (Erode) Limited
2019-11-14,163.89999389648438,163.89999389648438,151.10000610351562,155.0500030517578,143.10682678222656,21052,PONNIERODE,,,Ponni Sugars (Erode) Limited
2019-11-15,153.0,160.0,139.5500030517578,145.3000030517578,134.10784912109375,16900,PONNIERODE,,,Ponni Sugars (Erode) Limited
2019-11-18,145.3000030517578,146.0,134.10000610351562,142.0500030517578,131.10818481445312,7012,PONNIERODE,,,Ponni Sugars (Erode) Limited
2019-11-19,142.0500030517578,146.89999389648438,138.25,140.39999389648438,129.5852813720703,3391,PONNIERODE,,,Ponni Sugars (Erode) Limited
2019-11-20,132.5500030517578,140.89999389648438,132.5500030517578,134.5500030517578,124.1859130859375,4637,PONNIERODE,,,Ponni Sugars (Erode) Limited
2019-11-21,134.0,135.39999389648438,128.5500030517578,130.0500030517578,120.03252410888672,6685,PONNIERODE,,,Ponni Sugars (Erode) Limited
2019-11-22,129.10000610351562,139.0,128.14999389648438,133.60000610351562,123.30908203125,3128,PONNIERODE,,,Ponni Sugars (Erode) Limited
2019-11-25,133.10000610351562,134.60000610351562,128.39999389648438,131.75,121.60157012939452,3243,PONNIERODE,,,Ponni Sugars (Erode) Limited
2019-11-26,130.0,144.89999389648438,122.0,131.1999969482422,121.09393310546876,12103,PONNIERODE,,,Ponni Sugars (Erode) Limited
2019-11-27,134.89999389648438,136.0,130.5,134.5,124.1397476196289,1165,PONNIERODE,,,Ponni Sugars (Erode) Limited
2019-11-28,129.0,137.0,129.0,135.25,124.83197784423828,1096,PONNIERODE,,,Ponni Sugars (Erode) Limited
2019-11-29,135.8000030517578,140.0,129.8000030517578,133.6999969482422,123.4013671875,5506,PONNIERODE,,,Ponni Sugars (Erode) Limited
2019-12-02,131.5,139.5,131.5,136.85000610351562,126.30874633789062,3773,PONNIERODE,,,Ponni Sugars (Erode) Limited
2019-12-03,142.0,142.0,133.3000030517578,135.3000030517578,124.8781280517578,1331,PONNIERODE,,,Ponni Sugars (Erode) Limited
2019-12-04,131.5,139.0,131.5,137.10000610351562,126.53947448730467,1138,PONNIERODE,,,Ponni Sugars (Erode) Limited
2019-12-05,132.5500030517578,139.0,132.5500030517578,136.1999969482422,125.70880889892578,1096,PONNIERODE,,,Ponni Sugars (Erode) Limited
2019-12-06,135.0,143.0,134.0,140.35000610351562,129.53915405273438,7456,PONNIERODE,,,Ponni Sugars (Erode) Limited
2019-12-09,138.35000610351562,144.1999969482422,136.60000610351562,143.0500030517578,132.0311737060547,3929,PONNIERODE,,,Ponni Sugars (Erode) Limited
2019-12-10,142.0,154.35000610351562,142.0,145.60000610351562,134.38475036621094,8481,PONNIERODE,,,Ponni Sugars (Erode) Limited
2019-12-11,144.35000610351562,150.9499969482422,138.5500030517578,140.3000030517578,129.4929962158203,3844,PONNIERODE,,,Ponni Sugars (Erode) Limited
2019-12-12,140.3000030517578,144.9499969482422,138.35000610351562,141.64999389648438,130.73898315429688,5210,PONNIERODE,,,Ponni Sugars (Erode) Limited
2019-12-13,150.0,150.0,139.9499969482422,142.64999389648438,131.66197204589844,3503,PONNIERODE,,,Ponni Sugars (Erode) Limited
2019-12-16,145.25,149.3000030517578,143.25,144.3000030517578,133.18487548828125,1571,PONNIERODE,,,Ponni Sugars (Erode) Limited
2019-12-17,147.6999969482422,154.0,140.0,148.89999389648438,137.43052673339844,2724,PONNIERODE,,,Ponni Sugars (Erode) Limited
2019-12-18,150.0,155.89999389648438,146.5,151.39999389648438,139.73797607421875,8232,PONNIERODE,,,Ponni Sugars (Erode) Limited
2019-12-19,147.64999389648438,175.60000610351562,147.64999389648438,166.35000610351562,153.5364227294922,28691,PONNIERODE,,,Ponni Sugars (Erode) Limited
2019-12-20,173.0,174.89999389648438,157.35000610351562,164.85000610351562,152.15194702148438,19433,PONNIERODE,,,Ponni Sugars (Erode) Limited
2019-12-23,165.0,165.0,157.0,160.64999389648438,148.2754669189453,3852,PONNIERODE,,,Ponni Sugars (Erode) Limited
2019-12-24,165.35000610351562,168.6999969482422,156.3000030517578,164.5,151.8289031982422,5206,PONNIERODE,,,Ponni Sugars (Erode) Limited
2019-12-26,164.5,169.0,161.35000610351562,163.4499969482422,150.85977172851562,6152,PONNIERODE,,,Ponni Sugars (Erode) Limited
2019-12-27,163.5,171.0500030517578,163.5,167.64999389648438,154.73626708984375,10262,PONNIERODE,,,Ponni Sugars (Erode) Limited
2019-12-30,167.0,172.0,164.14999389648438,166.4499969482422,153.62869262695312,6811,PONNIERODE,,,Ponni Sugars (Erode) Limited
2019-12-31,165.10000610351562,170.0,160.0,164.35000610351562,151.6904754638672,5955,PONNIERODE,,,Ponni Sugars (Erode) Limited
2020-01-01,164.0500030517578,176.89999389648438,164.0500030517578,171.9499969482422,158.70504760742188,30845,PONNIERODE,,,Ponni Sugars (Erode) Limited
2020-01-02,177.0,177.0,171.0,172.89999389648438,159.5818634033203,10544,PONNIERODE,,,Ponni Sugars (Erode) Limited
2020-01-03,173.0,173.0,164.64999389648438,171.64999389648438,158.4281463623047,5833,PONNIERODE,,,Ponni Sugars (Erode) Limited
2020-01-06,165.0500030517578,168.3000030517578,160.1999969482422,164.5,151.8289031982422,5899,PONNIERODE,,,Ponni Sugars (Erode) Limited
2020-01-07,170.0,179.0,168.5,172.39999389648438,159.1204071044922,20019,PONNIERODE,,,Ponni Sugars (Erode) Limited
2020-01-08,165.64999389648438,173.75,165.5,169.3000030517578,156.25918579101562,8968,PONNIERODE,,,Ponni Sugars (Erode) Limited
2020-01-09,175.0,175.0,170.10000610351562,173.14999389648438,159.8126220703125,4300,PONNIERODE,,,Ponni Sugars (Erode) Limited
2020-01-10,170.35000610351562,173.8000030517578,168.5,170.14999389648438,157.043701171875,5351,PONNIERODE,,,Ponni Sugars (Erode) Limited
2020-01-13,166.10000610351562,175.0,166.10000610351562,170.5500030517578,157.41290283203125,5269,PONNIERODE,,,Ponni Sugars (Erode) Limited
2020-01-14,173.5,177.39999389648438,168.25,171.5,158.28970336914062,16339,PONNIERODE,,,Ponni Sugars (Erode) Limited
2020-01-15,173.9499969482422,173.9499969482422,167.0500030517578,169.25,156.21302795410156,4414,PONNIERODE,,,Ponni Sugars (Erode) Limited
2020-01-16,168.0,177.89999389648438,168.0,173.64999389648438,160.27410888671875,13225,PONNIERODE,,,Ponni Sugars (Erode) Limited
2020-01-17,176.89999389648438,181.5,172.0,176.10000610351562,162.53538513183594,4563,PONNIERODE,,,Ponni Sugars (Erode) Limited
2020-01-20,175.0,178.0,172.0,175.0,161.5201416015625,3345,PONNIERODE,,,Ponni Sugars (Erode) Limited
2020-01-21,172.0,175.3000030517578,171.10000610351562,175.10000610351562,161.6124267578125,2172,PONNIERODE,,,Ponni Sugars (Erode) Limited
2020-01-22,172.60000610351562,173.89999389648438,167.85000610351562,170.25,157.13600158691406,3403,PONNIERODE,,,Ponni Sugars (Erode) Limited
2020-01-23,170.10000610351562,170.10000610351562,166.64999389648438,169.75,156.6745147705078,2547,PONNIERODE,,,Ponni Sugars (Erode) Limited
2020-01-24,169.75,172.89999389648438,167.0,168.39999389648438,155.4285125732422,1859,PONNIERODE,,,Ponni Sugars (Erode) Limited
2020-01-27,170.0,170.0,160.1999969482422,161.1999969482422,148.78311157226562,3107,PONNIERODE,,,Ponni Sugars (Erode) Limited
2020-01-28,162.5,164.85000610351562,156.0,158.0500030517578,145.87574768066406,3136,PONNIERODE,,,Ponni Sugars (Erode) Limited
2020-01-29,158.3000030517578,165.0,158.3000030517578,164.3000030517578,151.64431762695312,9245,PONNIERODE,,,Ponni Sugars (Erode) Limited
2020-01-30,164.3000030517578,164.3000030517578,153.5,155.5,143.5221710205078,2965,PONNIERODE,,,Ponni Sugars (Erode) Limited
2020-01-31,158.60000610351562,162.0,147.1999969482422,148.5500030517578,137.1074981689453,20416,PONNIERODE,,,Ponni Sugars (Erode) Limited
2020-02-03,142.0,151.0,138.60000610351562,147.0,135.67689514160156,12133,PONNIERODE,,,Ponni Sugars (Erode) Limited
2020-02-04,149.89999389648438,159.89999389648438,149.0500030517578,156.3000030517578,144.2605438232422,5836,PONNIERODE,,,Ponni Sugars (Erode) Limited
2020-02-05,163.5,163.5,152.0,157.39999389648438,145.2758026123047,2763,PONNIERODE,,,Ponni Sugars (Erode) Limited
2020-02-06,158.39999389648438,163.1999969482422,155.0500030517578,157.4499969482422,145.3219757080078,12372,PONNIERODE,,,Ponni Sugars (Erode) Limited
2020-02-07,160.89999389648438,160.89999389648438,151.64999389648438,153.9499969482422,142.091552734375,2874,PONNIERODE,,,Ponni Sugars (Erode) Limited
2020-02-10,152.14999389648438,154.39999389648438,148.8000030517578,151.5500030517578,139.8764190673828,1749,PONNIERODE,,,Ponni Sugars (Erode) Limited
2020-02-11,149.0500030517578,154.3000030517578,146.10000610351562,147.3000030517578,135.9537811279297,3120,PONNIERODE,,,Ponni Sugars (Erode) Limited
2020-02-12,152.35000610351562,152.35000610351562,145.14999389648438,146.35000610351562,135.0769805908203,1492,PONNIERODE,,,Ponni Sugars (Erode) Limited
2020-02-13,145.0,149.39999389648438,142.39999389648438,143.10000610351562,132.07730102539062,1820,PONNIERODE,,,Ponni Sugars (Erode) Limited
2020-02-14,142.0,142.0,139.0,140.64999389648438,129.81602478027344,3978,PONNIERODE,,,Ponni Sugars (Erode) Limited
2020-02-17,143.14999389648438,147.8000030517578,141.5,142.9499969482422,131.93885803222656,3377,PONNIERODE,,,Ponni Sugars (Erode) Limited
2020-02-18,141.1999969482422,141.1999969482422,136.0,139.25,128.52389526367188,1236,PONNIERODE,,,Ponni Sugars (Erode) Limited
2020-02-19,141.3000030517578,149.0500030517578,141.3000030517578,142.6999969482422,131.7081298828125,2407,PONNIERODE,,,Ponni Sugars (Erode) Limited
2020-02-20,145.0,148.39999389648438,143.10000610351562,143.14999389648438,132.12344360351562,2035,PONNIERODE,,,Ponni Sugars (Erode) Limited
2020-02-24,144.0,151.89999389648438,142.0,150.4499969482422,138.8611297607422,4025,PONNIERODE,,,Ponni Sugars (Erode) Limited
2020-02-25,148.5,149.0,142.5500030517578,145.89999389648438,134.66162109375,1044,PONNIERODE,,,Ponni Sugars (Erode) Limited
2020-02-26,144.0,152.0,141.14999389648438,150.5500030517578,138.95346069335938,1407,PONNIERODE,,,Ponni Sugars (Erode) Limited
2020-02-27,147.0,148.0,141.0,143.6999969482422,132.63108825683594,1115,PONNIERODE,,,Ponni Sugars (Erode) Limited
2020-02-28,136.39999389648438,147.0,126.3000030517578,131.39999389648438,121.27852630615234,6075,PONNIERODE,,,Ponni Sugars (Erode) Limited
2020-03-02,153.0,153.0,132.0,136.10000610351562,125.61653137207033,2418,PONNIERODE,,,Ponni Sugars (Erode) Limited
2020-03-03,139.6999969482422,139.89999389648438,131.10000610351562,132.60000610351562,122.3861083984375,1774,PONNIERODE,,,Ponni Sugars (Erode) Limited
2020-03-04,131.10000610351562,138.3000030517578,131.10000610351562,134.89999389648438,124.50892639160156,3397,PONNIERODE,,,Ponni Sugars (Erode) Limited
2020-03-05,131.0,138.0,127.0,129.3000030517578,119.34029388427734,983,PONNIERODE,,,Ponni Sugars (Erode) Limited
2020-03-06,125.25,132.89999389648438,124.0,125.8499984741211,116.15603637695312,716,PONNIERODE,,,Ponni Sugars (Erode) Limited
2020-03-09,122.0,137.5,117.5500030517578,129.10000610351562,119.15570831298828,2719,PONNIERODE,,,Ponni Sugars (Erode) Limited
2020-03-11,129.10000610351562,129.10000610351562,120.1500015258789,121.5,112.14111328125,445,PONNIERODE,,,Ponni Sugars (Erode) Limited
2020-03-12,115.0999984741211,122.0,106.1999969482422,108.5,100.1424789428711,1725,PONNIERODE,,,Ponni Sugars (Erode) Limited
2020-03-13,100.0,130.0,87.5,129.14999389648438,119.20185089111328,4453,PONNIERODE,,,Ponni Sugars (Erode) Limited
2020-03-16,121.0,126.0,113.0,114.1500015258789,105.35726928710938,492,PONNIERODE,,,Ponni Sugars (Erode) Limited
2020-03-17,117.4000015258789,117.4000015258789,106.4000015258789,111.0999984741211,102.54219818115234,1476,PONNIERODE,,,Ponni Sugars (Erode) Limited
2020-03-18,109.0,116.0,101.0,104.6999969482422,96.63518524169922,1682,PONNIERODE,,,Ponni Sugars (Erode) Limited
2020-03-19,97.4000015258789,112.0,97.0500030517578,103.6999969482422,95.71219635009766,1565,PONNIERODE,,,Ponni Sugars (Erode) Limited
2020-03-20,100.0,116.9000015258789,95.0,104.25,96.21984100341795,802,PONNIERODE,,,Ponni Sugars (Erode) Limited
2020-03-23,84.6500015258789,105.0,84.6500015258789,88.19999694824219,81.40613555908203,1776,PONNIERODE,,,Ponni Sugars (Erode) Limited
2020-03-24,88.55000305175781,97.8000030517578,81.25,96.25,88.83607482910156,728,PONNIERODE,,,Ponni Sugars (Erode) Limited
2020-03-25,96.9499969482422,99.4499969482422,95.1500015258789,96.0,88.60531616210938,1086,PONNIERODE,,,Ponni Sugars (Erode) Limited
2020-03-26,95.0999984741211,113.3000030517578,92.0,103.5999984741211,95.6199188232422,3301,PONNIERODE,,,Ponni Sugars (Erode) Limited
2020-03-27,119.3499984741211,119.4499969482422,105.25,113.0,104.2958526611328,3119,PONNIERODE,,,Ponni Sugars (Erode) Limited
2020-03-30,111.8000030517578,130.0,111.8000030517578,126.0500030517578,116.34063720703124,4082,PONNIERODE,,,Ponni Sugars (Erode) Limited
2020-03-31,128.0,151.25,127.9499969482422,138.1999969482422,127.55475616455078,10403,PONNIERODE,,,Ponni Sugars (Erode) Limited
2020-04-01,143.0,143.5500030517578,130.0,136.0500030517578,125.5703582763672,3500,PONNIERODE,,,Ponni Sugars (Erode) Limited
2020-04-03,135.0,149.0,133.0,135.1999969482422,124.78582000732422,1800,PONNIERODE,,,Ponni Sugars (Erode) Limited
2020-04-07,145.0,148.39999389648438,122.25,137.14999389648438,126.58561706542967,8256,PONNIERODE,,,Ponni Sugars (Erode) Limited
2020-04-08,130.14999389648438,140.0,130.14999389648438,134.8000030517578,124.41665649414062,6523,PONNIERODE,,,Ponni Sugars (Erode) Limited
2020-04-09,133.39999389648438,138.0,132.0500030517578,133.0,122.75529479980467,2561,PONNIERODE,,,Ponni Sugars (Erode) Limited
2020-04-13,130.0,135.0,128.14999389648438,129.75,119.75563049316406,1884,PONNIERODE,,,Ponni Sugars (Erode) Limited
2020-04-15,130.5500030517578,133.35000610351562,121.0,122.8499984741211,113.38712310791016,3024,PONNIERODE,,,Ponni Sugars (Erode) Limited
2020-04-16,124.9499969482422,125.0,121.25,122.6500015258789,113.20252227783205,1265,PONNIERODE,,,Ponni Sugars (Erode) Limited
2020-04-17,131.5500030517578,131.5500030517578,123.4499969482422,125.0,115.37152099609376,713,PONNIERODE,,,Ponni Sugars (Erode) Limited
2020-04-20,123.3000030517578,126.5500030517578,121.3000030517578,121.5500030517578,112.18726348876952,4043,PONNIERODE,,,Ponni Sugars (Erode) Limited
2020-04-21,122.0500030517578,124.8499984741211,116.5999984741211,117.9499969482422,108.86456298828124,4050,PONNIERODE,,,Ponni Sugars (Erode) Limited
2020-04-22,120.4000015258789,123.5500030517578,116.4000015258789,120.4499969482422,111.17198944091795,2465,PONNIERODE,,,Ponni Sugars (Erode) Limited
2020-04-23,128.0,128.0,119.9000015258789,120.9499969482422,111.63347625732422,644,PONNIERODE,,,Ponni Sugars (Erode) Limited
2020-04-24,118.0999984741211,121.8499984741211,115.0,118.5999984741211,109.46449279785156,977,PONNIERODE,,,Ponni Sugars (Erode) Limited
2020-04-27,121.25,123.25,118.0,118.5,109.37220764160156,667,PONNIERODE,,,Ponni Sugars (Erode) Limited
2020-04-28,118.9499969482422,124.0,118.6500015258789,123.4499969482422,113.94091033935548,2229,PONNIERODE,,,Ponni Sugars (Erode) Limited
2020-04-29,120.4499969482422,127.3000030517578,119.9499969482422,122.4000015258789,112.97178649902344,2001,PONNIERODE,,,Ponni Sugars (Erode) Limited
2020-04-30,128.5,128.5,123.9000015258789,124.6999969482422,115.0946273803711,1377,PONNIERODE,,,Ponni Sugars (Erode) Limited
2020-05-04,124.5,124.5,114.4000015258789,118.9499969482422,109.78752899169922,676,PONNIERODE,,,Ponni Sugars (Erode) Limited
2020-05-05,117.9499969482422,123.4000015258789,117.9499969482422,120.9499969482422,111.63347625732422,342,PONNIERODE,,,Ponni Sugars (Erode) Limited
2020-05-06,123.5,123.5,117.0,117.4000015258789,108.35692596435548,1778,PONNIERODE,,,Ponni Sugars (Erode) Limited
2020-05-07,120.5999984741211,122.9499969482422,114.4000015258789,118.9499969482422,109.78752899169922,838,PONNIERODE,,,Ponni Sugars (Erode) Limited
2020-05-08,124.8000030517578,124.8000030517578,116.25,118.3000030517578,109.1875991821289,1011,PONNIERODE,,,Ponni Sugars (Erode) Limited
2020-05-11,121.6500015258789,126.75,117.5500030517578,124.8499984741211,115.23306274414062,1566,PONNIERODE,,,Ponni Sugars (Erode) Limited
2020-05-12,129.5,129.5,120.1500015258789,126.0500030517578,116.34063720703124,3265,PONNIERODE,,,Ponni Sugars (Erode) Limited
2020-05-13,129.0,131.10000610351562,124.9499969482422,125.0999984741211,115.46381378173828,1087,PONNIERODE,,,Ponni Sugars (Erode) Limited
2020-05-14,127.3000030517578,127.5500030517578,119.5500030517578,122.25,112.83334350585938,714,PONNIERODE,,,Ponni Sugars (Erode) Limited
2020-05-15,127.0,127.0,118.9499969482422,123.1500015258789,113.6640167236328,216,PONNIERODE,,,Ponni Sugars (Erode) Limited
2020-05-18,121.5999984741211,126.5,117.0,118.75,109.60293579101562,1704,PONNIERODE,,,Ponni Sugars (Erode) Limited
2020-05-19,118.75,129.0,114.9499969482422,125.6500015258789,115.97145080566406,2416,PONNIERODE,,,Ponni Sugars (Erode) Limited
2020-05-20,125.6500015258789,125.6500015258789,125.6500015258789,125.6500015258789,115.97145080566406,0,PONNIERODE,,,Ponni Sugars (Erode) Limited
2020-05-21,122.9499969482422,129.3000030517578,117.25,119.1500015258789,109.97212982177734,16024,PONNIERODE,,,Ponni Sugars (Erode) Limited
2020-05-22,119.9499969482422,122.9000015258789,114.8000030517578,116.6500015258789,107.6646957397461,3847,PONNIERODE,,,Ponni Sugars (Erode) Limited
2020-05-26,115.0,122.0,112.0999984741211,118.6999969482422,109.5567855834961,2784,PONNIERODE,,,Ponni Sugars (Erode) Limited
2020-05-27,122.8499984741211,129.9499969482422,116.9499969482422,127.6999969482422,117.86354064941406,7769,PONNIERODE,,,Ponni Sugars (Erode) Limited
2020-05-28,130.0500030517578,135.0,125.0500030517578,128.25,118.37117767333984,6917,PONNIERODE,,,Ponni Sugars (Erode) Limited
2020-05-29,135.5,141.0500030517578,124.0,139.75,128.9853515625,30043,PONNIERODE,,,Ponni Sugars (Erode) Limited
2020-06-01,147.89999389648438,149.5,140.0,141.39999389648438,130.50827026367188,31735,PONNIERODE,,,Ponni Sugars (Erode) Limited
2020-06-02,145.6999969482422,145.6999969482422,134.0,138.35000610351562,127.69320678710938,5840,PONNIERODE,,,Ponni Sugars (Erode) Limited
2020-06-03,135.25,142.35000610351562,135.0500030517578,139.1999969482422,128.47772216796875,5541,PONNIERODE,,,Ponni Sugars (Erode) Limited
2020-06-04,140.0,143.0,138.89999389648438,141.4499969482422,130.55441284179688,5073,PONNIERODE,,,Ponni Sugars (Erode) Limited
2020-06-05,145.39999389648438,157.5,143.1999969482422,149.85000610351562,138.30738830566406,31854,PONNIERODE,,,Ponni Sugars (Erode) Limited
2020-06-08,154.35000610351562,155.0,144.0,144.89999389648438,133.73866271972656,14640,PONNIERODE,,,Ponni Sugars (Erode) Limited
2020-06-09,172.8000030517578,172.8000030517578,141.0,148.64999389648438,137.19979858398438,13380,PONNIERODE,,,Ponni Sugars (Erode) Limited
2020-06-10,151.4499969482422,159.85000610351562,146.5,151.9499969482422,140.24560546875,19165,PONNIERODE,,,Ponni Sugars (Erode) Limited
2020-06-11,167.89999389648438,168.0,152.3000030517578,153.1999969482422,141.39932250976562,42838,PONNIERODE,,,Ponni Sugars (Erode) Limited
2020-06-12,149.0,159.0,140.0,154.39999389648438,142.50689697265625,9384,PONNIERODE,,,Ponni Sugars (Erode) Limited
2020-06-15,156.39999389648438,157.0,148.5,150.3000030517578,138.7227020263672,2285,PONNIERODE,,,Ponni Sugars (Erode) Limited
2020-06-16,151.0500030517578,166.25,145.25,152.5500030517578,140.7993927001953,53944,PONNIERODE,,,Ponni Sugars (Erode) Limited
2020-06-17,149.0,156.0,149.0,152.0500030517578,140.33792114257812,10955,PONNIERODE,,,Ponni Sugars (Erode) Limited
2020-06-18,152.0500030517578,154.89999389648438,151.5,151.9499969482422,140.24560546875,3679,PONNIERODE,,,Ponni Sugars (Erode) Limited
2020-06-19,158.0,164.6999969482422,158.0,160.5500030517578,148.1831817626953,34635,PONNIERODE,,,Ponni Sugars (Erode) Limited
2020-06-22,163.85000610351562,165.9499969482422,155.0,156.5500030517578,144.4912872314453,10010,PONNIERODE,,,Ponni Sugars (Erode) Limited
2020-06-23,158.9499969482422,158.9499969482422,153.5,154.8000030517578,142.87606811523438,3093,PONNIERODE,,,Ponni Sugars (Erode) Limited
2020-06-24,154.85000610351562,161.85000610351562,154.10000610351562,155.64999389648438,143.66061401367188,20023,PONNIERODE,,,Ponni Sugars (Erode) Limited
2020-06-25,155.35000610351562,156.1999969482422,150.10000610351562,154.0500030517578,142.18385314941406,3881,PONNIERODE,,,Ponni Sugars (Erode) Limited
2020-06-26,153.4499969482422,157.5500030517578,150.10000610351562,151.75,140.06101989746094,8225,PONNIERODE,,,Ponni Sugars (Erode) Limited
2020-06-29,155.0,155.10000610351562,150.8000030517578,152.3000030517578,140.5686492919922,4638,PONNIERODE,,,Ponni Sugars (Erode) Limited
2020-06-30,154.35000610351562,154.35000610351562,147.5,150.5500030517578,138.95346069335938,4679,PONNIERODE,,,Ponni Sugars (Erode) Limited
2020-07-01,150.0,159.0,147.0,148.8000030517578,137.3382568359375,6478,PONNIERODE,,,Ponni Sugars (Erode) Limited
2020-07-02,151.0,153.89999389648438,147.85000610351562,151.1999969482422,139.55337524414062,15516,PONNIERODE,,,Ponni Sugars (Erode) Limited
2020-07-03,152.3000030517578,157.3000030517578,149.0,151.6999969482422,140.01486206054688,14625,PONNIERODE,,,Ponni Sugars (Erode) Limited
2020-07-06,152.25,158.5,151.14999389648438,154.60000610351562,142.69149780273438,11367,PONNIERODE,,,Ponni Sugars (Erode) Limited
2020-07-07,154.5,156.0,151.0,153.64999389648438,141.81466674804688,7614,PONNIERODE,,,Ponni Sugars (Erode) Limited
2020-07-08,152.1999969482422,154.89999389648438,150.5,151.5,139.83026123046875,7914,PONNIERODE,,,Ponni Sugars (Erode) Limited
2020-07-09,152.4499969482422,153.9499969482422,150.10000610351562,151.0500030517578,139.41493225097656,11917,PONNIERODE,,,Ponni Sugars (Erode) Limited
2020-07-10,149.0,152.35000610351562,147.8000030517578,149.64999389648438,138.1227569580078,12922,PONNIERODE,,,Ponni Sugars (Erode) Limited
2020-07-13,151.9499969482422,151.9499969482422,142.8000030517578,147.75,136.36912536621094,18271,PONNIERODE,,,Ponni Sugars (Erode) Limited
2020-07-14,146.0500030517578,170.0,144.0,152.39999389648438,140.6609649658203,25049,PONNIERODE,,,Ponni Sugars (Erode) Limited
2020-07-15,157.0,157.0,148.0,149.5,137.98434448242188,11009,PONNIERODE,,,Ponni Sugars (Erode) Limited
2020-07-16,149.0,151.0500030517578,143.9499969482422,145.9499969482422,134.707763671875,13703,PONNIERODE,,,Ponni Sugars (Erode) Limited
2020-07-17,146.9499969482422,152.4499969482422,146.8000030517578,151.14999389648438,139.50721740722656,7800,PONNIERODE,,,Ponni Sugars (Erode) Limited
2020-07-20,156.0,156.0,147.0,148.6999969482422,137.2459716796875,7105,PONNIERODE,,,Ponni Sugars (Erode) Limited
2020-07-21,151.9499969482422,151.9499969482422,147.6999969482422,149.25,137.7535858154297,5800,PONNIERODE,,,Ponni Sugars (Erode) Limited
2020-07-22,155.3000030517578,157.0500030517578,148.0,150.0,138.44581604003906,15911,PONNIERODE,,,Ponni Sugars (Erode) Limited
2020-07-23,150.4499969482422,153.9499969482422,149.0500030517578,150.0500030517578,138.49197387695312,7177,PONNIERODE,,,Ponni Sugars (Erode) Limited
2020-07-24,151.0,153.5,146.25,150.25,138.6765594482422,10925,PONNIERODE,,,Ponni Sugars (Erode) Limited
2020-07-27,149.14999389648438,158.0,149.14999389648438,155.4499969482422,143.4759979248047,7640,PONNIERODE,,,Ponni Sugars (Erode) Limited
2020-07-28,156.9499969482422,158.0,150.10000610351562,151.4499969482422,139.7841339111328,6745,PONNIERODE,,,Ponni Sugars (Erode) Limited
2020-07-29,154.89999389648438,154.89999389648438,149.39999389648438,150.4499969482422,138.8611297607422,5465,PONNIERODE,,,Ponni Sugars (Erode) Limited
2020-07-30,153.89999389648438,153.89999389648438,148.10000610351562,149.0,137.5228271484375,5089,PONNIERODE,,,Ponni Sugars (Erode) Limited
2020-07-31,151.85000610351562,152.85000610351562,147.0,151.89999389648438,140.19944763183594,4253,PONNIERODE,,,Ponni Sugars (Erode) Limited
2020-08-03,153.39999389648438,157.64999389648438,152.8000030517578,156.1999969482422,144.16824340820312,13993,PONNIERODE,,,Ponni Sugars (Erode) Limited
2020-08-04,158.9499969482422,161.6999969482422,157.8000030517578,159.39999389648438,147.12176513671875,9481,PONNIERODE,,,Ponni Sugars (Erode) Limited
2020-08-05,163.9499969482422,164.0,158.6999969482422,160.8000030517578,148.41392517089844,10863,PONNIERODE,,,Ponni Sugars (Erode) Limited
2020-08-06,165.0,182.9499969482422,155.6999969482422,177.39999389648438,163.73524475097656,405690,PONNIERODE,,,Ponni Sugars (Erode) Limited
2020-08-07,177.39999389648438,181.4499969482422,172.0500030517578,174.5,161.05862426757812,176654,PONNIERODE,,,Ponni Sugars (Erode) Limited
2020-08-10,177.0,180.0,175.0,176.5,162.9045867919922,153934,PONNIERODE,,,Ponni Sugars (Erode) Limited
2020-08-11,180.5,180.5,172.10000610351562,175.1999969482422,165.45437622070312,50866,PONNIERODE,,,Ponni Sugars (Erode) Limited
2020-08-12,175.9499969482422,176.0,165.0500030517578,171.1999969482422,161.67689514160156,13846,PONNIERODE,,,Ponni Sugars (Erode) Limited
2020-08-13,174.0,176.85000610351562,168.8000030517578,169.5,160.0714569091797,30807,PONNIERODE,,,Ponni Sugars (Erode) Limited
2020-08-14,171.35000610351562,171.9499969482422,164.0500030517578,166.35000610351562,157.0966796875,12143,PONNIERODE,,,Ponni Sugars (Erode) Limited
2020-08-17,167.14999389648438,173.0,165.0,166.10000610351562,156.86058044433594,7930,PONNIERODE,,,Ponni Sugars (Erode) Limited
2020-08-18,164.4499969482422,169.75,164.0,167.39999389648438,158.08827209472656,7854,PONNIERODE,,,Ponni Sugars (Erode) Limited
2020-08-19,168.4499969482422,174.0,166.3000030517578,170.3000030517578,160.8269500732422,12727,PONNIERODE,,,Ponni Sugars (Erode) Limited
2020-08-20,169.0,171.4499969482422,165.0,166.85000610351562,157.56887817382812,8365,PONNIERODE,,,Ponni Sugars (Erode) Limited
2020-08-21,167.0500030517578,181.0,167.0500030517578,178.8000030517578,168.85414123535156,63561,PONNIERODE,,,Ponni Sugars (Erode) Limited
2020-08-24,181.0,197.0,181.0,187.8999938964844,177.44793701171875,108748,PONNIERODE,,,Ponni Sugars (Erode) Limited
2020-08-25,189.8000030517578,189.8500061035156,180.1999969482422,182.6499938964844,172.48997497558594,25546,PONNIERODE,,,Ponni Sugars (Erode) Limited
2020-08-26,185.0,190.0,181.3999938964844,184.4499969482422,174.1898651123047,23441,PONNIERODE,,,Ponni Sugars (Erode) Limited
2020-08-27,186.0,186.8500061035156,180.1999969482422,180.6499938964844,170.60122680664062,21871,PONNIERODE,,,Ponni Sugars (Erode) Limited
2020-08-28,181.1499938964844,182.8500061035156,175.10000610351562,176.75,166.9181671142578,9993,PONNIERODE,,,Ponni Sugars (Erode) Limited
2020-08-31,176.0,186.8999938964844,158.14999389648438,161.25,152.28036499023438,30087,PONNIERODE,,,Ponni Sugars (Erode) Limited
2020-09-01,164.9499969482422,164.9499969482422,150.0,162.3000030517578,153.27195739746094,12194,PONNIERODE,,,Ponni Sugars (Erode) Limited
2020-09-02,164.39999389648438,166.0,152.8000030517578,165.10000610351562,155.9162139892578,8221,PONNIERODE,,,Ponni Sugars (Erode) Limited
2020-09-03,169.0,174.0,167.0,170.6999969482422,161.20469665527344,17006,PONNIERODE,,,Ponni Sugars (Erode) Limited
2020-09-04,164.6999969482422,169.9499969482422,155.10000610351562,159.0500030517578,150.20274353027344,22329,PONNIERODE,,,Ponni Sugars (Erode) Limited
2020-09-07,160.0,164.39999389648438,158.25,159.8000030517578,150.9110107421875,5963,PONNIERODE,,,Ponni Sugars (Erode) Limited
2020-09-08,160.0,160.0,152.0,154.85000610351562,146.23635864257812,12880,PONNIERODE,,,Ponni Sugars (Erode) Limited
2020-09-09,154.89999389648438,158.35000610351562,148.0500030517578,154.3000030517578,145.71697998046875,7702,PONNIERODE,,,Ponni Sugars (Erode) Limited
2020-09-10,154.25,157.89999389648438,152.0500030517578,155.3000030517578,146.66134643554688,6171,PONNIERODE,,,Ponni Sugars (Erode) Limited
2020-09-11,154.1999969482422,158.0,153.14999389648438,156.8000030517578,148.0779266357422,6320,PONNIERODE,,,Ponni Sugars (Erode) Limited
2020-09-14,164.0,164.0,156.0,158.5,149.68331909179688,13582,PONNIERODE,,,Ponni Sugars (Erode) Limited
2020-09-15,164.89999389648438,170.0,159.5,162.25,153.2247314453125,20150,PONNIERODE,,,Ponni Sugars (Erode) Limited
2020-09-16,160.5500030517578,163.25,158.0500030517578,162.3000030517578,153.27195739746094,15510,PONNIERODE,,,Ponni Sugars (Erode) Limited
2020-09-17,156.0500030517578,171.0,156.0500030517578,163.89999389648438,154.782958984375,11239,PONNIERODE,,,Ponni Sugars (Erode) Limited
2020-09-18,162.0500030517578,165.75,162.0,163.5500030517578,154.45240783691406,12309,PONNIERODE,,,Ponni Sugars (Erode) Limited
2020-09-21,161.4499969482422,163.35000610351562,157.10000610351562,158.1999969482422,149.40003967285156,5150,PONNIERODE,,,Ponni Sugars (Erode) Limited
2020-09-22,158.1999969482422,158.25,147.9499969482422,155.0,146.37803649902344,5259,PONNIERODE,,,Ponni Sugars (Erode) Limited
2020-09-23,154.8000030517578,157.0,151.0,154.64999389648438,146.0474853515625,1323,PONNIERODE,,,Ponni Sugars (Erode) Limited
2020-09-24,152.8000030517578,153.0,142.0,147.10000610351562,138.91748046875,5858,PONNIERODE,,,Ponni Sugars (Erode) Limited
2020-09-25,149.8000030517578,154.5,148.0,153.4499969482422,144.91424560546875,7718,PONNIERODE,,,Ponni Sugars (Erode) Limited
2020-09-28,154.39999389648438,159.0,152.35000610351562,158.25,149.44725036621094,4397,PONNIERODE,,,Ponni Sugars (Erode) Limited
2020-09-29,157.0500030517578,159.0,155.0500030517578,155.75,147.0863037109375,2195,PONNIERODE,,,Ponni Sugars (Erode) Limited
2020-09-30,154.0500030517578,156.0,152.10000610351562,152.5500030517578,144.06430053710938,3454,PONNIERODE,,,Ponni Sugars (Erode) Limited
2020-10-01,157.0,157.0,151.0,152.75,144.25318908691406,3183,PONNIERODE,,,Ponni Sugars (Erode) Limited
2020-10-05,158.39999389648438,158.75,154.0,156.3000030517578,147.605712890625,2102,PONNIERODE,,,Ponni Sugars (Erode) Limited
2020-10-06,159.39999389648438,162.0,156.9499969482422,160.14999389648438,151.24154663085938,14056,PONNIERODE,,,Ponni Sugars (Erode) Limited
2020-10-07,159.0,164.25,156.1999969482422,160.35000610351562,151.43043518066406,4941,PONNIERODE,,,Ponni Sugars (Erode) Limited
2020-10-08,159.14999389648438,163.3000030517578,157.0,160.60000610351562,151.66651916503906,3325,PONNIERODE,,,Ponni Sugars (Erode) Limited
2020-10-09,162.85000610351562,162.85000610351562,158.0500030517578,158.39999389648438,149.58888244628906,1287,PONNIERODE,,,Ponni Sugars (Erode) Limited
2020-10-12,161.9499969482422,161.9499969482422,155.1999969482422,156.64999389648438,147.9362335205078,1655,PONNIERODE,,,Ponni Sugars (Erode) Limited
2020-10-13,155.14999389648438,159.4499969482422,153.4499969482422,154.6999969482422,146.09469604492188,1020,PONNIERODE,,,Ponni Sugars (Erode) Limited
2020-10-14,153.14999389648438,156.4499969482422,152.1999969482422,152.9499969482422,144.44204711914062,1093,PONNIERODE,,,Ponni Sugars (Erode) Limited
2020-10-15,151.64999389648438,155.89999389648438,150.0,152.4499969482422,143.96986389160156,1670,PONNIERODE,,,Ponni Sugars (Erode) Limited
2020-10-16,151.25,156.35000610351562,147.0,153.0,144.48928833007812,1766,PONNIERODE,,,Ponni Sugars (Erode) Limited
2020-10-19,155.85000610351562,155.85000610351562,152.0,152.14999389648438,143.68655395507812,1069,PONNIERODE,,,Ponni Sugars (Erode) Limited
2020-10-20,152.0500030517578,162.9499969482422,147.5500030517578,156.60000610351562,147.88902282714844,9120,PONNIERODE,,,Ponni Sugars (Erode) Limited
2020-10-21,160.5500030517578,160.9499969482422,154.64999389648438,157.10000610351562,148.36122131347656,4647,PONNIERODE,,,Ponni Sugars (Erode) Limited
2020-10-22,155.4499969482422,159.60000610351562,155.0500030517578,158.0,149.21115112304688,1213,PONNIERODE,,,Ponni Sugars (Erode) Limited
2020-10-23,156.0500030517578,159.4499969482422,152.14999389648438,155.5,146.8502197265625,1918,PONNIERODE,,,Ponni Sugars (Erode) Limited
2020-10-26,157.9499969482422,157.9499969482422,150.75,152.14999389648438,143.68655395507812,650,PONNIERODE,,,Ponni Sugars (Erode) Limited
2020-10-27,153.0,157.35000610351562,151.3000030517578,151.64999389648438,143.21437072753906,3120,PONNIERODE,,,Ponni Sugars (Erode) Limited
2020-10-28,153.0500030517578,159.6999969482422,152.14999389648438,153.35000610351562,144.81980895996094,17636,PONNIERODE,,,Ponni Sugars (Erode) Limited
2020-10-29,152.0500030517578,155.39999389648438,150.5,152.75,144.25318908691406,5646,PONNIERODE,,,Ponni Sugars (Erode) Limited
2020-10-30,153.0,153.85000610351562,150.5500030517578,151.64999389648438,143.21437072753906,5827,PONNIERODE,,,Ponni Sugars (Erode) Limited
2020-11-02,151.0500030517578,154.0500030517578,148.10000610351562,151.5500030517578,143.11993408203125,1666,PONNIERODE,,,Ponni Sugars (Erode) Limited
2020-11-03,152.9499969482422,158.9499969482422,150.60000610351562,152.0500030517578,143.59213256835938,3735,PONNIERODE,,,Ponni Sugars (Erode) Limited
2020-11-04,149.14999389648438,157.0,143.5500030517578,153.0500030517578,144.5364990234375,1669,PONNIERODE,,,Ponni Sugars (Erode) Limited
2020-11-05,152.64999389648438,155.0,151.0,151.6999969482422,143.26158142089844,3045,PONNIERODE,,,Ponni Sugars (Erode) Limited
2020-11-06,151.75,156.9499969482422,151.75,153.64999389648438,145.10311889648438,5009,PONNIERODE,,,Ponni Sugars (Erode) Limited
2020-11-09,163.8000030517578,163.8000030517578,156.0500030517578,158.14999389648438,149.35279846191406,13036,PONNIERODE,,,Ponni Sugars (Erode) Limited
2020-11-10,158.14999389648438,158.14999389648438,152.14999389648438,155.0,146.37803649902344,8608,PONNIERODE,,,Ponni Sugars (Erode) Limited
2020-11-11,151.60000610351562,155.89999389648438,151.60000610351562,152.39999389648438,143.92266845703125,2971,PONNIERODE,,,Ponni Sugars (Erode) Limited
2020-11-12,153.0,156.89999389648438,151.75,154.5500030517578,145.9530792236328,1013,PONNIERODE,,,Ponni Sugars (Erode) Limited
2020-11-13,154.5500030517578,155.4499969482422,151.39999389648438,152.10000610351562,143.63934326171875,3675,PONNIERODE,,,Ponni Sugars (Erode) Limited
2020-11-14,156.89999389648438,157.35000610351562,152.10000610351562,154.64999389648438,146.0474853515625,954,PONNIERODE,,,Ponni Sugars (Erode) Limited
2020-11-17,154.0,155.4499969482422,152.60000610351562,154.0,145.4336395263672,4604,PONNIERODE,,,Ponni Sugars (Erode) Limited
2020-11-18,153.10000610351562,156.14999389648438,153.10000610351562,153.25,144.72537231445312,1790,PONNIERODE,,,Ponni Sugars (Erode) Limited
2020-11-19,151.60000610351562,154.0,150.10000610351562,151.9499969482422,143.4976806640625,5056,PONNIERODE,,,Ponni Sugars (Erode) Limited
2020-11-20,153.0500030517578,156.35000610351562,151.25,154.5500030517578,145.9530792236328,2059,PONNIERODE,,,Ponni Sugars (Erode) Limited
2020-11-23,154.5,162.0,153.60000610351562,159.1999969482422,150.34437561035156,8227,PONNIERODE,,,Ponni Sugars (Erode) Limited
2020-11-24,159.1999969482422,161.89999389648438,155.39999389648438,160.0500030517578,151.14712524414062,5022,PONNIERODE,,,Ponni Sugars (Erode) Limited
2020-11-25,162.39999389648438,162.39999389648438,155.0,157.6999969482422,148.92782592773438,2771,PONNIERODE,,,Ponni Sugars (Erode) Limited
2020-11-26,160.89999389648438,166.0,158.1999969482422,161.9499969482422,152.94142150878906,19673,PONNIERODE,,,Ponni Sugars (Erode) Limited
2020-11-27,161.9499969482422,164.0,158.3000030517578,159.10000610351562,150.2499542236328,2885,PONNIERODE,,,Ponni Sugars (Erode) Limited
2020-12-01,157.8000030517578,165.0,157.8000030517578,163.25,154.1691131591797,8804,PONNIERODE,,,Ponni Sugars (Erode) Limited
2020-12-02,162.0500030517578,165.39999389648438,158.1999969482422,161.10000610351562,152.1387176513672,5454,PONNIERODE,,,Ponni Sugars (Erode) Limited
2020-12-03,162.0,166.0,160.1999969482422,162.64999389648438,153.6024932861328,7788,PONNIERODE,,,Ponni Sugars (Erode) Limited
2020-12-04,166.0,166.0,161.6999969482422,162.75,153.69691467285156,3611,PONNIERODE,,,Ponni Sugars (Erode) Limited
2020-12-07,162.75,173.5,160.0,172.10000610351562,162.52684020996094,29984,PONNIERODE,,,Ponni Sugars (Erode) Limited
2020-12-08,173.0,176.39999389648438,164.89999389648438,166.64999389648438,157.37997436523438,15700,PONNIERODE,,,Ponni Sugars (Erode) Limited
2020-12-09,169.75,173.0,165.10000610351562,167.89999389648438,158.56044006347656,18538,PONNIERODE,,,Ponni Sugars (Erode) Limited
2020-12-10,165.64999389648438,173.0,165.1999969482422,166.5500030517578,157.28553771972656,19585,PONNIERODE,,,Ponni Sugars (Erode) Limited
2020-12-11,169.4499969482422,171.25,165.35000610351562,168.1999969482422,158.84376525878906,7387,PONNIERODE,,,Ponni Sugars (Erode) Limited
2020-12-14,169.39999389648438,174.0,168.8000030517578,170.0500030517578,160.5908660888672,6764,PONNIERODE,,,Ponni Sugars (Erode) Limited
2020-12-15,169.14999389648438,173.0,165.8000030517578,169.39999389648438,159.9770050048828,5615,PONNIERODE,,,Ponni Sugars (Erode) Limited
2020-12-16,171.0,175.10000610351562,167.5,168.89999389648438,159.50482177734375,20656,PONNIERODE,,,Ponni Sugars (Erode) Limited
2020-12-17,172.4499969482422,174.8000030517578,168.10000610351562,171.10000610351562,161.58245849609375,12324,PONNIERODE,,,Ponni Sugars (Erode) Limited
2020-12-18,169.89999389648438,173.39999389648438,166.14999389648438,171.10000610351562,161.58245849609375,16624,PONNIERODE,,,Ponni Sugars (Erode) Limited
2020-12-21,171.10000610351562,171.89999389648438,158.10000610351562,160.4499969482422,151.52487182617188,9467,PONNIERODE,,,Ponni Sugars (Erode) Limited
2020-12-22,160.4499969482422,164.0,152.0,159.14999389648438,150.2971649169922,14031,PONNIERODE,,,Ponni Sugars (Erode) Limited
2020-12-23,162.85000610351562,164.9499969482422,159.0500030517578,161.35000610351562,152.3748016357422,12946,PONNIERODE,,,Ponni Sugars (Erode) Limited
2020-12-24,162.9499969482422,168.0,162.14999389648438,165.8000030517578,156.57725524902344,9707,PONNIERODE,,,Ponni Sugars (Erode) Limited
2020-12-28,166.35000610351562,167.0,161.3000030517578,161.9499969482422,152.94142150878906,8467,PONNIERODE,,,Ponni Sugars (Erode) Limited
2020-12-29,163.39999389648438,164.5500030517578,160.0,161.10000610351562,152.1387176513672,3856,PONNIERODE,,,Ponni Sugars (Erode) Limited
2020-12-30,161.25,163.35000610351562,160.0,162.9499969482422,153.88580322265625,3563,PONNIERODE,,,Ponni Sugars (Erode) Limited
2020-12-31,163.4499969482422,165.85000610351562,160.0,162.1999969482422,153.17752075195312,6782,PONNIERODE,,,Ponni Sugars (Erode) Limited
2021-01-01,162.1999969482422,164.0,162.1999969482422,163.85000610351562,154.73574829101562,2992,PONNIERODE,,,Ponni Sugars (Erode) Limited
2021-01-04,163.0,167.14999389648438,162.0,166.0,156.76614379882812,6782,PONNIERODE,,,Ponni Sugars (Erode) Limited
2021-01-05,165.4499969482422,166.5,163.10000610351562,165.10000610351562,155.9162139892578,2589,PONNIERODE,,,Ponni Sugars (Erode) Limited
2021-01-06,165.89999389648438,169.3000030517578,165.0500030517578,165.5500030517578,156.34120178222656,5865,PONNIERODE,,,Ponni Sugars (Erode) Limited
2021-01-07,167.9499969482422,169.3000030517578,165.6999969482422,168.35000610351562,158.9854278564453,4930,PONNIERODE,,,Ponni Sugars (Erode) Limited
2021-01-08,169.89999389648438,170.9499969482422,161.14999389648438,163.6999969482422,154.59408569335938,11821,PONNIERODE,,,Ponni Sugars (Erode) Limited
2021-01-11,167.9499969482422,167.9499969482422,161.0,162.5500030517578,153.50807189941406,11079,PONNIERODE,,,Ponni Sugars (Erode) Limited
2021-01-12,164.9499969482422,164.9499969482422,161.60000610351562,163.0500030517578,153.98025512695312,2833,PONNIERODE,,,Ponni Sugars (Erode) Limited
2021-01-13,164.35000610351562,164.39999389648438,160.75,161.8000030517578,152.79977416992188,4311,PONNIERODE,,,Ponni Sugars (Erode) Limited
2021-01-14,163.35000610351562,165.5,161.25,163.5,154.4051971435547,3084,PONNIERODE,,,Ponni Sugars (Erode) Limited
2021-01-15,166.5,171.89999389648438,161.60000610351562,167.85000610351562,158.5132293701172,21196,PONNIERODE,,,Ponni Sugars (Erode) Limited
2021-01-18,171.5,171.5,162.0,163.5,154.4051971435547,3996,PONNIERODE,,,Ponni Sugars (Erode) Limited
2021-01-19,166.89999389648438,166.89999389648438,162.6999969482422,163.10000610351562,154.0274658203125,2521,PONNIERODE,,,Ponni Sugars (Erode) Limited
2021-01-20,164.85000610351562,168.0,162.8000030517578,165.25,156.057861328125,5080,PONNIERODE,,,Ponni Sugars (Erode) Limited
2021-01-21,165.6999969482422,168.25,163.39999389648438,165.64999389648438,156.43560791015625,3338,PONNIERODE,,,Ponni Sugars (Erode) Limited
2021-01-22,164.35000610351562,167.85000610351562,158.4499969482422,159.5500030517578,150.6749267578125,9948,PONNIERODE,,,Ponni Sugars (Erode) Limited
2021-01-25,159.14999389648438,162.75,156.1999969482422,157.5500030517578,148.7861785888672,1192,PONNIERODE,,,Ponni Sugars (Erode) Limited
2021-01-27,159.1999969482422,160.0,153.89999389648438,155.35000610351562,146.70855712890625,3536,PONNIERODE,,,Ponni Sugars (Erode) Limited
2021-01-28,154.5500030517578,158.3000030517578,154.5,154.9499969482422,146.330810546875,1139,PONNIERODE,,,Ponni Sugars (Erode) Limited
2021-01-29,157.5,157.89999389648438,154.5,156.35000610351562,147.65293884277344,2336,PONNIERODE,,,Ponni Sugars (Erode) Limited
2021-02-01,158.0,158.0,155.14999389648438,157.14999389648438,148.40843200683594,889,PONNIERODE,,,Ponni Sugars (Erode) Limited
2021-02-02,159.0,159.0,148.5500030517578,152.0,143.54490661621094,15225,PONNIERODE,,,Ponni Sugars (Erode) Limited
2021-02-03,154.0,156.64999389648438,152.75,156.25,147.55848693847656,3360,PONNIERODE,,,Ponni Sugars (Erode) Limited
2021-02-04,157.0,159.0,156.14999389648438,158.25,149.44725036621094,2787,PONNIERODE,,,Ponni Sugars (Erode) Limited
2021-02-05,158.0,175.0,148.10000610351562,150.8000030517578,142.41165161132812,31534,PONNIERODE,,,Ponni Sugars (Erode) Limited
2021-02-08,151.1999969482422,151.39999389648438,144.0500030517578,144.75,136.69818115234375,18905,PONNIERODE,,,Ponni Sugars (Erode) Limited
2021-02-09,146.64999389648438,149.0500030517578,143.0500030517578,143.3000030517578,135.328857421875,15255,PONNIERODE,,,Ponni Sugars (Erode) Limited
2021-02-10,144.10000610351562,147.0,143.89999389648438,146.64999389648438,138.4924774169922,3303,PONNIERODE,,,Ponni Sugars (Erode) Limited
2021-02-11,145.14999389648438,146.3000030517578,139.14999389648438,141.60000610351562,133.72340393066406,12995,PONNIERODE,,,Ponni Sugars (Erode) Limited
2021-02-12,143.39999389648438,143.89999389648438,141.10000610351562,141.35000610351562,133.48731994628906,3104,PONNIERODE,,,Ponni Sugars (Erode) Limited
2021-02-15,145.35000610351562,145.35000610351562,141.10000610351562,141.9499969482422,134.05393981933594,2487,PONNIERODE,,,Ponni Sugars (Erode) Limited
2021-02-16,143.89999389648438,145.0,140.35000610351562,141.25,133.39288330078125,5543,PONNIERODE,,,Ponni Sugars (Erode) Limited
2021-02-17,142.0500030517578,144.35000610351562,140.10000610351562,141.0500030517578,133.20401000976562,4650,PONNIERODE,,,Ponni Sugars (Erode) Limited
2021-02-18,143.89999389648438,148.89999389648438,141.0500030517578,144.0,135.9899139404297,12760,PONNIERODE,,,Ponni Sugars (Erode) Limited
2021-02-19,145.5,146.89999389648438,141.0,142.0500030517578,134.14837646484375,5253,PONNIERODE,,,Ponni Sugars (Erode) Limited
2021-02-22,145.35000610351562,145.35000610351562,136.1999969482422,138.64999389648438,130.9375,8286,PONNIERODE,,,Ponni Sugars (Erode) Limited
2021-02-23,144.8000030517578,147.0,139.85000610351562,145.8000030517578,137.68980407714844,9886,PONNIERODE,,,Ponni Sugars (Erode) Limited
2021-02-24,141.14999389648438,147.0,141.14999389648438,143.4499969482422,135.47048950195312,2791,PONNIERODE,,,Ponni Sugars (Erode) Limited
2021-02-25,144.64999389648438,145.64999389648438,142.1999969482422,143.64999389648438,135.65939331054688,5890,PONNIERODE,,,Ponni Sugars (Erode) Limited
2021-02-26,143.5,144.3000030517578,141.0,143.5,135.51771545410156,7824,PONNIERODE,,,Ponni Sugars (Erode) Limited
2021-03-01,143.4499969482422,148.5,141.8000030517578,147.39999389648438,139.20077514648438,8306,PONNIERODE,,,Ponni Sugars (Erode) Limited
2021-03-02,148.75,158.6999969482422,145.10000610351562,153.60000610351562,145.055908203125,20185,PONNIERODE,,,Ponni Sugars (Erode) Limited
2021-03-03,152.64999389648438,165.10000610351562,151.0,160.1999969482422,151.2887725830078,21072,PONNIERODE,,,Ponni Sugars (Erode) Limited
2021-03-04,162.0,162.0,153.5,159.6999969482422,150.81658935546875,11947,PONNIERODE,,,Ponni Sugars (Erode) Limited
2021-03-05,162.39999389648438,166.64999389648438,158.0500030517578,159.14999389648438,150.2971649169922,16360,PONNIERODE,,,Ponni Sugars (Erode) Limited
2021-03-08,162.35000610351562,164.5,155.14999389648438,157.0,148.2667694091797,5362,PONNIERODE,,,Ponni Sugars (Erode) Limited
2021-03-09,159.8000030517578,160.75,156.0,156.3000030517578,147.605712890625,2238,PONNIERODE,,,Ponni Sugars (Erode) Limited
2021-03-10,156.6999969482422,158.0500030517578,153.10000610351562,154.3000030517578,145.71697998046875,3075,PONNIERODE,,,Ponni Sugars (Erode) Limited
2021-03-12,153.25,166.0,148.3000030517578,152.9499969482422,144.44204711914062,26813,PONNIERODE,,,Ponni Sugars (Erode) Limited
2021-03-15,154.5,154.5,148.0500030517578,151.39999389648438,142.978271484375,2750,PONNIERODE,,,Ponni Sugars (Erode) Limited
2021-03-16,151.0500030517578,156.0,150.39999389648438,154.85000610351562,146.23635864257812,3058,PONNIERODE,,,Ponni Sugars (Erode) Limited
2021-03-17,154.25,154.25,150.10000610351562,150.39999389648438,142.0338897705078,1013,PONNIERODE,,,Ponni Sugars (Erode) Limited
2021-03-18,151.0,156.5,147.0,150.14999389648438,141.79782104492188,5432,PONNIERODE,,,Ponni Sugars (Erode) Limited
2021-03-19,151.14999389648438,151.14999389648438,145.85000610351562,148.0500030517578,139.81463623046875,5704,PONNIERODE,,,Ponni Sugars (Erode) Limited
2021-03-22,148.0500030517578,150.25,148.0500030517578,148.9499969482422,140.66455078125,1098,PONNIERODE,,,Ponni Sugars (Erode) Limited
2021-03-23,152.5,152.5,147.64999389648438,149.0,140.71176147460938,1253,PONNIERODE,,,Ponni Sugars (Erode) Limited
2021-03-24,146.25,150.4499969482422,144.25,148.39999389648438,140.14515686035156,5040,PONNIERODE,,,Ponni Sugars (Erode) Limited
2021-03-25,147.0500030517578,151.25,145.0500030517578,147.0500030517578,138.87025451660156,4150,PONNIERODE,,,Ponni Sugars (Erode) Limited
2021-03-26,146.0500030517578,151.4499969482422,146.0500030517578,150.4499969482422,142.0811004638672,9569,PONNIERODE,,,Ponni Sugars (Erode) Limited
2021-03-30,150.60000610351562,150.60000610351562,148.0,148.14999389648438,139.9090576171875,1111,PONNIERODE,,,Ponni Sugars (Erode) Limited
2021-03-31,151.75,151.75,145.9499969482422,147.6999969482422,139.4840850830078,3908,PONNIERODE,,,Ponni Sugars (Erode) Limited
2021-04-01,149.5500030517578,150.0,148.3000030517578,149.9499969482422,141.6089324951172,2601,PONNIERODE,,,Ponni Sugars (Erode) Limited
2021-04-05,155.0500030517578,155.0500030517578,145.75,148.85000610351562,140.57012939453125,796,PONNIERODE,,,Ponni Sugars (Erode) Limited
2021-04-06,147.6999969482422,151.9499969482422,145.89999389648438,146.9499969482422,138.77581787109375,3389,PONNIERODE,,,Ponni Sugars (Erode) Limited
2021-04-07,150.0,153.3000030517578,147.10000610351562,150.35000610351562,141.98667907714844,2305,PONNIERODE,,,Ponni Sugars (Erode) Limited
2021-04-08,149.9499969482422,155.0,148.85000610351562,153.39999389648438,144.86700439453125,7095,PONNIERODE,,,Ponni Sugars (Erode) Limited
2021-04-09,155.35000610351562,156.0,150.5,154.10000610351562,145.528076171875,6151,PONNIERODE,,,Ponni Sugars (Erode) Limited
2021-04-12,151.1999969482422,153.0,145.3000030517578,147.0,138.82302856445312,3257,PONNIERODE,,,Ponni Sugars (Erode) Limited
2021-04-13,151.10000610351562,152.10000610351562,146.9499969482422,150.1999969482422,141.84503173828125,1384,PONNIERODE,,,Ponni Sugars (Erode) Limited
2021-04-15,151.0500030517578,159.0,148.85000610351562,154.5500030517578,145.9530792236328,18277,PONNIERODE,,,Ponni Sugars (Erode) Limited
2021-04-16,155.85000610351562,160.0,153.9499969482422,159.5,150.62771606445312,11467,PONNIERODE,,,Ponni Sugars (Erode) Limited
2021-04-19,162.6999969482422,162.6999969482422,151.85000610351562,154.1999969482422,145.62252807617188,2384,PONNIERODE,,,Ponni Sugars (Erode) Limited
2021-04-20,157.0500030517578,168.5,153.10000610351562,154.75,146.1419219970703,30620,PONNIERODE,,,Ponni Sugars (Erode) Limited
2021-04-22,156.75,161.89999389648438,156.75,158.60000610351562,149.77777099609375,6729,PONNIERODE,,,Ponni Sugars (Erode) Limited
2021-04-23,160.8000030517578,165.1999969482422,155.5500030517578,163.4499969482422,154.35797119140625,10595,PONNIERODE,,,Ponni Sugars (Erode) Limited
2021-04-26,162.89999389648438,167.0500030517578,161.0,161.39999389648438,152.42201232910156,10578,PONNIERODE,,,Ponni Sugars (Erode) Limited
2021-04-27,163.85000610351562,163.85000610351562,158.25,159.64999389648438,150.7693634033203,3236,PONNIERODE,,,Ponni Sugars (Erode) Limited
2021-04-28,162.4499969482422,166.5,159.5500030517578,165.64999389648438,156.43560791015625,27148,PONNIERODE,,,Ponni Sugars (Erode) Limited
2021-04-29,167.6999969482422,171.5,162.0500030517578,168.10000610351562,158.7493438720703,19508,PONNIERODE,,,Ponni Sugars (Erode) Limited
2021-04-30,164.0500030517578,184.0,164.0500030517578,175.14999389648438,165.4071502685547,100682,PONNIERODE,,,Ponni Sugars (Erode) Limited
2021-05-03,177.9499969482422,210.1499938964844,176.64999389648438,209.3500061035156,197.7047882080078,229353,PONNIERODE,,,Ponni Sugars (Erode) Limited
2021-05-04,216.0,225.0,186.8000030517578,188.1999969482422,177.73126220703125,200779,PONNIERODE,,,Ponni Sugars (Erode) Limited
2021-05-05,194.0,201.8999938964844,181.5500030517578,192.1499938964844,181.46153259277344,56809,PONNIERODE,,,Ponni Sugars (Erode) Limited
2021-05-06,192.8999938964844,197.6999969482422,184.3999938964844,186.1999969482422,175.84249877929688,29153,PONNIERODE,,,Ponni Sugars (Erode) Limited
2021-05-07,190.6000061035156,200.0,190.6000061035156,192.3999938964844,181.6976318359375,65011,PONNIERODE,,,Ponni Sugars (Erode) Limited
2021-05-10,195.0,218.8500061035156,195.0,206.25,194.7772216796875,219509,PONNIERODE,,,Ponni Sugars (Erode) Limited
2021-05-11,207.0,216.3500061035156,202.0,210.3999938964844,198.69635009765625,56948,PONNIERODE,,,Ponni Sugars (Erode) Limited
2021-05-12,213.6000061035156,213.6000061035156,200.0,201.6999969482422,190.4803009033203,38120,PONNIERODE,,,Ponni Sugars (Erode) Limited
2021-05-14,205.0,205.0,192.0,192.75,182.0281524658203,32843,PONNIERODE,,,Ponni Sugars (Erode) Limited
2021-05-17,192.0,206.3000030517578,189.9499969482422,198.5,187.4582977294922,60821,PONNIERODE,,,Ponni Sugars (Erode) Limited
2021-05-18,199.0,201.9499969482422,193.6499938964844,194.9499969482422,184.10577392578125,24908,PONNIERODE,,,Ponni Sugars (Erode) Limited
2021-05-19,197.3999938964844,204.6000061035156,195.1000061035156,197.8999938964844,186.89166259765625,44275,PONNIERODE,,,Ponni Sugars (Erode) Limited
2021-05-20,196.1000061035156,198.6999969482422,187.9499969482422,192.3999938964844,181.6976318359375,16226,PONNIERODE,,,Ponni Sugars (Erode) Limited
2021-05-21,193.0,195.6999969482422,182.25,185.8000030517578,175.46475219726562,32102,PONNIERODE,,,Ponni Sugars (Erode) Limited
2021-05-24,188.0,189.8999938964844,183.0500030517578,187.1499938964844,176.73965454101562,17029,PONNIERODE,,,Ponni Sugars (Erode) Limited
2021-05-25,187.6999969482422,195.4499969482422,187.6999969482422,191.5,180.84768676757807,17274,PONNIERODE,,,Ponni Sugars (Erode) Limited
2021-05-26,191.4499969482422,195.0,186.8500061035156,189.3500061035156,178.81729125976562,8706,PONNIERODE,,,Ponni Sugars (Erode) Limited
2021-05-27,191.25,192.9499969482422,187.1499938964844,189.5500030517578,179.0061798095703,10125,PONNIERODE,,,Ponni Sugars (Erode) Limited
2021-05-28,192.8000030517578,192.8000030517578,184.3500061035156,185.4499969482422,175.1342010498047,9471,PONNIERODE,,,Ponni Sugars (Erode) Limited
2021-05-31,189.8500061035156,218.8000030517578,185.1000061035156,203.9499969482422,192.6051483154297,179496,PONNIERODE,,,Ponni Sugars (Erode) Limited
2021-06-01,209.5,209.5,194.3000030517578,201.1000061035156,189.91368103027344,39072,PONNIERODE,,,Ponni Sugars (Erode) Limited
2021-06-02,204.6999969482422,205.0,193.8999938964844,195.8000030517578,184.90850830078125,30414,PONNIERODE,,,Ponni Sugars (Erode) Limited
2021-06-03,204.3500061035156,204.3500061035156,198.0,200.0500030517578,188.92208862304688,17477,PONNIERODE,,,Ponni Sugars (Erode) Limited
2021-06-04,204.3999938964844,207.0,195.3500061035156,204.4499969482422,193.07733154296875,20745,PONNIERODE,,,Ponni Sugars (Erode) Limited
2021-06-07,209.0,229.0,205.5500030517578,224.0,211.53985595703125,189218,PONNIERODE,,,Ponni Sugars (Erode) Limited
2021-06-08,225.8999938964844,235.0,215.3500061035156,225.8999938964844,213.3341522216797,122807,PONNIERODE,,,Ponni Sugars (Erode) Limited
2021-06-09,225.8999938964844,233.5,217.8000030517578,222.3000030517578,209.9344177246093,81071,PONNIERODE,,,Ponni Sugars (Erode) Limited
2021-06-10,224.25,229.3999938964844,217.8500061035156,220.8500061035156,208.5650787353516,30470,PONNIERODE,,,Ponni Sugars (Erode) Limited
2021-06-11,223.8000030517578,239.6999969482422,218.0500030517578,220.0,207.76235961914065,52766,PONNIERODE,,,Ponni Sugars (Erode) Limited
2021-06-14,221.1999969482422,226.3999938964844,209.3500061035156,220.1499938964844,207.9040069580078,30967,PONNIERODE,,,Ponni Sugars (Erode) Limited
2021-06-15,229.0,229.0,223.0,226.3000030517578,213.7119140625,60996,PONNIERODE,,,Ponni Sugars (Erode) Limited
2021-06-16,225.0,227.3000030517578,220.0,222.8999938964844,210.50103759765625,23288,PONNIERODE,,,Ponni Sugars (Erode) Limited
2021-06-17,216.1000061035156,225.0,216.1000061035156,222.1999969482422,209.8399810791016,15774,PONNIERODE,,,Ponni Sugars (Erode) Limited
2021-06-18,222.1999969482422,225.9499969482422,207.25,215.1000061035156,203.13494873046875,22573,PONNIERODE,,,Ponni Sugars (Erode) Limited
2021-06-21,215.0,223.25,209.0500030517578,222.0,209.65109252929688,23234,PONNIERODE,,,Ponni Sugars (Erode) Limited
2021-06-22,226.0,226.5,218.5500030517578,220.3500061035156,208.0928955078125,17520,PONNIERODE,,,Ponni Sugars (Erode) Limited
2021-06-23,224.9499969482422,224.9499969482422,218.0500030517578,219.0,206.81797790527344,16276,PONNIERODE,,,Ponni Sugars (Erode) Limited
2021-06-24,224.3999938964844,262.79998779296875,219.0500030517578,262.79998779296875,248.1815643310547,570867,PONNIERODE,,,Ponni Sugars (Erode) Limited
2021-06-25,268.0,286.79998779296875,261.29998779296875,265.6000061035156,250.82583618164065,641071,PONNIERODE,,,Ponni Sugars (Erode) Limited
2021-06-28,268.79998779296875,318.70001220703125,268.79998779296875,318.70001220703125,300.9721374511719,498529,PONNIERODE,,,Ponni Sugars (Erode) Limited
2021-06-29,337.0,350.54998779296875,332.45001220703125,350.54998779296875,331.0504150390625,366672,PONNIERODE,,,Ponni Sugars (Erode) Limited
2021-06-30,380.0,380.0,330.6000061035156,346.1000061035156,326.84796142578125,412013,PONNIERODE,,,Ponni Sugars (Erode) Limited
2021-07-01,342.0,348.8999938964844,316.54998779296875,335.3999938964844,316.7431640625,121625,PONNIERODE,,,Ponni Sugars (Erode) Limited
2021-07-02,340.0,368.8999938964844,337.29998779296875,368.8999938964844,348.3797302246094,125094,PONNIERODE,,,Ponni Sugars (Erode) Limited
2021-07-05,379.7000122070313,379.7000122070313,346.04998779296875,350.1499938964844,330.67266845703125,170712,PONNIERODE,,,Ponni Sugars (Erode) Limited
2021-07-06,349.79998779296875,351.1000061035156,325.0,331.25,313.7199401855469,95664,PONNIERODE,,,Ponni Sugars (Erode) Limited
2021-07-07,325.0,325.6499938964844,309.54998779296875,314.1499938964844,297.52490234375,61094,PONNIERODE,,,Ponni Sugars (Erode) Limited
2021-07-08,322.79998779296875,339.0,307.0,327.6499938964844,310.3104553222656,90372,PONNIERODE,,,Ponni Sugars (Erode) Limited
2021-07-09,336.0,340.0,327.29998779296875,334.45001220703125,316.7506103515625,59098,PONNIERODE,,,Ponni Sugars (Erode) Limited
2021-07-12,344.0,344.0,326.0,328.04998779296875,310.6893005371094,51267,PONNIERODE,,,Ponni Sugars (Erode) Limited
2021-07-13,331.70001220703125,340.0,323.04998779296875,327.1000061035156,309.78955078125,48930,PONNIERODE,,,Ponni Sugars (Erode) Limited
2021-07-14,326.0,326.0,312.0,315.45001220703125,298.7561340332031,51025,PONNIERODE,,,Ponni Sugars (Erode) Limited
2021-07-15,315.45001220703125,319.1000061035156,301.0,302.8999938964844,286.8702697753906,48706,PONNIERODE,,,Ponni Sugars (Erode) Limited
2021-07-16,305.1499938964844,308.79998779296875,296.3999938964844,304.29998779296875,288.1961669921875,30221,PONNIERODE,,,Ponni Sugars (Erode) Limited
2021-07-19,297.0,330.0,297.0,322.54998779296875,305.4803466796875,111252,PONNIERODE,,,Ponni Sugars (Erode) Limited
2021-07-20,317.8999938964844,317.8999938964844,306.45001220703125,306.45001220703125,290.2323913574219,12097,PONNIERODE,,,Ponni Sugars (Erode) Limited
2021-07-22,306.45001220703125,306.45001220703125,291.1499938964844,293.0,277.49420166015625,25165,PONNIERODE,,,Ponni Sugars (Erode) Limited
2021-07-23,293.0,299.5,279.1499938964844,286.3500061035156,271.19610595703125,16857,PONNIERODE,,,Ponni Sugars (Erode) Limited
2021-07-26,295.0,295.95001220703125,280.3500061035156,285.04998779296875,269.9648742675781,7390,PONNIERODE,,,Ponni Sugars (Erode) Limited
2021-07-27,286.3500061035156,299.29998779296875,280.6000061035156,299.29998779296875,283.46075439453125,15912,PONNIERODE,,,Ponni Sugars (Erode) Limited
2021-07-28,299.04998779296875,303.70001220703125,286.0,293.0,277.49420166015625,4865,PONNIERODE,,,Ponni Sugars (Erode) Limited
2021-07-29,299.8500061035156,307.6499938964844,282.6000061035156,306.25,290.0429992675781,16923,PONNIERODE,,,Ponni Sugars (Erode) Limited
2021-07-30,293.79998779296875,309.0,290.95001220703125,294.1000061035156,278.5359802246094,9816,PONNIERODE,,,Ponni Sugars (Erode) Limited
2021-08-02,295.1000061035156,302.70001220703125,282.1000061035156,284.70001220703125,269.6334533691406,7987,PONNIERODE,,,Ponni Sugars (Erode) Limited
2021-08-03,284.5,290.6000061035156,275.0,280.54998779296875,265.7030334472656,15258,PONNIERODE,,,Ponni Sugars (Erode) Limited
2021-08-04,287.0,294.54998779296875,280.0,282.1000061035156,267.1710205078125,30737,PONNIERODE,,,Ponni Sugars (Erode) Limited
2021-08-05,280.0,286.0,277.0,279.0,264.2350769042969,7813,PONNIERODE,,,Ponni Sugars (Erode) Limited
2021-08-06,289.8500061035156,289.8500061035156,274.0,277.20001220703125,262.53033447265625,6919,PONNIERODE,,,Ponni Sugars (Erode) Limited
2021-08-09,273.0,285.0,263.3500061035156,263.79998779296875,249.83946228027344,10127,PONNIERODE,,,Ponni Sugars (Erode) Limited
2021-08-10,263.79998779296875,263.79998779296875,250.6499938964844,252.8500061035156,239.46896362304688,12652,PONNIERODE,,,Ponni Sugars (Erode) Limited
2021-08-11,253.0,259.95001220703125,240.3000030517578,252.1999969482422,238.8533477783203,14936,PONNIERODE,,,Ponni Sugars (Erode) Limited
2021-08-12,262.3999938964844,264.79998779296875,248.0,260.8999938964844,247.0929412841797,13171,PONNIERODE,,,Ponni Sugars (Erode) Limited
2021-08-13,268.3999938964844,268.3999938964844,252.1000061035156,259.1499938964844,245.435546875,4224,PONNIERODE,,,Ponni Sugars (Erode) Limited
2021-08-16,260.20001220703125,266.95001220703125,250.0,252.0500030517578,238.71128845214844,5440,PONNIERODE,,,Ponni Sugars (Erode) Limited
2021-08-17,254.0,263.3999938964844,250.0,256.95001220703125,243.3519897460937,16819,PONNIERODE,,,Ponni Sugars (Erode) Limited
2021-08-18,251.0,260.0,248.5500030517578,252.0,238.6639404296875,9527,PONNIERODE,,,Ponni Sugars (Erode) Limited
2021-08-20,248.3999938964844,264.0,239.3999938964844,244.4499969482422,231.5135040283203,6445,PONNIERODE,,,Ponni Sugars (Erode) Limited
2021-08-23,245.0,255.0,232.25,232.5500030517578,220.2432556152344,8932,PONNIERODE,,,Ponni Sugars (Erode) Limited
2021-08-24,225.0,244.0,220.9499969482422,242.0,229.19314575195312,4414,PONNIERODE,,,Ponni Sugars (Erode) Limited
2021-08-25,252.0,252.0,235.1000061035156,243.0,230.1402282714844,6452,PONNIERODE,,,Ponni Sugars (Erode) Limited
2021-08-26,251.3999938964844,251.3999938964844,238.0,242.3999938964844,229.57196044921875,4371,PONNIERODE,,,Ponni Sugars (Erode) Limited
2021-08-27,235.0500030517578,247.0,231.0,234.1000061035156,221.7112274169922,6764,PONNIERODE,,,Ponni Sugars (Erode) Limited
2021-08-30,234.1000061035156,240.0,225.0,235.25,222.80035400390625,12220,PONNIERODE,,,Ponni Sugars (Erode) Limited
2021-08-31,244.0,247.0,235.0,240.25,227.53575134277344,14907,PONNIERODE,,,Ponni Sugars (Erode) Limited
2021-09-01,245.3999938964844,248.6999969482422,236.8000030517578,240.8999938964844,228.1513519287109,4119,PONNIERODE,,,Ponni Sugars (Erode) Limited
2021-09-02,233.0,242.75,233.0,238.8000030517578,226.16249084472656,7239,PONNIERODE,,,Ponni Sugars (Erode) Limited
2021-09-03,238.8000030517578,240.0,234.3500061035156,235.1499938964844,222.7056427001953,6865,PONNIERODE,,,Ponni Sugars (Erode) Limited
2021-09-06,230.1000061035156,244.9499969482422,230.1000061035156,237.8500061035156,225.2627716064453,1586,PONNIERODE,,,Ponni Sugars (Erode) Limited
2021-09-07,242.8999938964844,242.8999938964844,229.1000061035156,230.25,218.06497192382807,8113,PONNIERODE,,,Ponni Sugars (Erode) Limited
2021-09-08,230.25,236.0,225.0,228.6000061035156,216.5022888183593,9642,PONNIERODE,,,Ponni Sugars (Erode) Limited
2021-09-09,225.25,234.3999938964844,225.25,226.8999938964844,214.8922576904297,6346,PONNIERODE,,,Ponni Sugars (Erode) Limited
2021-09-13,220.0,238.1999969482422,220.0,237.6999969482422,225.12071228027344,11771,PONNIERODE,,,Ponni Sugars (Erode) Limited
2021-09-14,241.0,249.5500030517578,238.0,246.8000030517578,233.73912048339844,12239,PONNIERODE,,,Ponni Sugars (Erode) Limited
2021-09-15,257.0,257.0,245.0,249.3500061035156,236.15419006347656,8758,PONNIERODE,,,Ponni Sugars (Erode) Limited
2021-09-16,245.0,254.9499969482422,241.0500030517578,245.8500061035156,232.83941650390625,4382,PONNIERODE,,,Ponni Sugars (Erode) Limited
2021-09-17,245.8500061035156,252.0,241.0,244.4499969482422,231.5135040283203,2716,PONNIERODE,,,Ponni Sugars (Erode) Limited
2021-09-20,241.0,249.5,241.0,242.5,229.66668701171875,2691,PONNIERODE,,,Ponni Sugars (Erode) Limited
2021-09-21,240.1000061035156,241.0,235.1000061035156,239.3999938964844,226.73074340820312,2071,PONNIERODE,,,Ponni Sugars (Erode) Limited
2021-09-22,234.1000061035156,243.0,234.1000061035156,237.1499938964844,224.5998077392578,2826,PONNIERODE,,,Ponni Sugars (Erode) Limited
2021-09-23,237.1499938964844,248.0,235.0,240.0,227.2989959716797,2367,PONNIERODE,,,Ponni Sugars (Erode) Limited
2021-09-24,247.0,247.0,239.0,241.1000061035156,228.3407745361328,2340,PONNIERODE,,,Ponni Sugars (Erode) Limited
2021-09-27,245.9499969482422,245.9499969482422,235.0500030517578,240.1000061035156,227.39370727539065,1531,PONNIERODE,,,Ponni Sugars (Erode) Limited
2021-09-28,235.6000061035156,244.4499969482422,234.0500030517578,236.8000030517578,224.2683258056641,4122,PONNIERODE,,,Ponni Sugars (Erode) Limited
2021-09-29,231.0500030517578,243.0,231.0500030517578,240.3000030517578,227.58311462402344,1968,PONNIERODE,,,Ponni Sugars (Erode) Limited
2021-09-30,240.0,242.9499969482422,235.0500030517578,242.3500061035156,229.5246124267578,3387,PONNIERODE,,,Ponni Sugars (Erode) Limited
2021-10-01,235.0,244.6999969482422,235.0,242.75,229.9034576416016,6064,PONNIERODE,,,Ponni Sugars (Erode) Limited
2021-10-04,248.8999938964844,254.8500061035156,248.8999938964844,254.8500061035156,241.3631134033203,21491,PONNIERODE,,,Ponni Sugars (Erode) Limited
2021-10-05,258.0,267.54998779296875,245.0,260.75,246.9508819580078,19809,PONNIERODE,,,Ponni Sugars (Erode) Limited
2021-10-06,265.0,265.0,250.0,258.79998779296875,245.10406494140625,3262,PONNIERODE,,,Ponni Sugars (Erode) Limited
2021-10-07,251.0500030517578,260.0,248.0,249.6499938964844,236.43829345703125,10761,PONNIERODE,,,Ponni Sugars (Erode) Limited
2021-10-08,250.0,256.0,243.0,251.3999938964844,238.0956878662109,4383,PONNIERODE,,,Ponni Sugars (Erode) Limited
2021-10-11,258.20001220703125,258.3999938964844,241.0500030517578,247.6499938964844,234.5441436767578,4952,PONNIERODE,,,Ponni Sugars (Erode) Limited
2021-10-12,240.1000061035156,255.5,240.1000061035156,244.5500030517578,231.6082000732422,11101,PONNIERODE,,,Ponni Sugars (Erode) Limited
2021-10-13,248.6000061035156,250.8000030517578,236.6000061035156,240.8000030517578,228.05665588378903,17238,PONNIERODE,,,Ponni Sugars (Erode) Limited
2021-10-14,252.5,252.5,240.5500030517578,242.1499938964844,229.335205078125,14780,PONNIERODE,,,Ponni Sugars (Erode) Limited
2021-10-18,248.0,249.0,243.0,243.1499938964844,230.28228759765625,11660,PONNIERODE,,,Ponni Sugars (Erode) Limited
2021-10-19,247.9499969482422,248.0,239.0,241.0500030517578,228.2934112548828,9080,PONNIERODE,,,Ponni Sugars (Erode) Limited
2021-10-20,246.6999969482422,247.6999969482422,235.0500030517578,239.9499969482422,227.25164794921875,14332,PONNIERODE,,,Ponni Sugars (Erode) Limited
2021-10-21,244.0,244.0,240.5,241.5500030517578,228.7669677734375,2856,PONNIERODE,,,Ponni Sugars (Erode) Limited
2021-10-22,245.8999938964844,253.6000061035156,238.0500030517578,248.8999938964844,235.72799682617188,34119,PONNIERODE,,,Ponni Sugars (Erode) Limited
2021-10-25,258.0,261.29998779296875,247.3500061035156,249.9499969482422,236.7224273681641,21031,PONNIERODE,,,Ponni Sugars (Erode) Limited
2021-10-26,250.6499938964844,253.3000030517578,239.1999969482422,241.5500030517578,228.7669677734375,17548,PONNIERODE,,,Ponni Sugars (Erode) Limited
2021-10-27,243.9499969482422,243.9499969482422,237.0,239.5,226.825439453125,7087,PONNIERODE,,,Ponni Sugars (Erode) Limited
2021-10-28,239.0,240.9499969482422,230.0,230.8999938964844,218.68055725097656,21082,PONNIERODE,,,Ponni Sugars (Erode) Limited
2021-10-29,232.6999969482422,236.9499969482422,226.25,229.8999938964844,217.7334899902344,6358,PONNIERODE,,,Ponni Sugars (Erode) Limited
2021-11-01,236.0,236.0,230.1000061035156,232.1499938964844,219.86441040039065,4263,PONNIERODE,,,Ponni Sugars (Erode) Limited
2021-11-02,235.0,236.0,230.75,231.8999938964844,219.62765502929688,6746,PONNIERODE,,,Ponni Sugars (Erode) Limited
2021-11-03,234.6499938964844,234.6499938964844,226.6000061035156,232.3000030517578,220.0064697265625,7591,PONNIERODE,,,Ponni Sugars (Erode) Limited
2021-11-04,234.9499969482422,240.0,227.1000061035156,237.8999938964844,225.31011962890625,5065,PONNIERODE,,,Ponni Sugars (Erode) Limited
2021-11-08,238.1499938964844,241.0,232.0,234.1999969482422,221.8059234619141,4572,PONNIERODE,,,Ponni Sugars (Erode) Limited
2021-11-09,235.9499969482422,241.9499969482422,234.1000061035156,237.4499969482422,224.88394165039065,4825,PONNIERODE,,,Ponni Sugars (Erode) Limited
2021-11-10,238.0,245.0,237.5500030517578,240.75,228.00930786132807,9561,PONNIERODE,,,Ponni Sugars (Erode) Limited
2021-11-11,246.6999969482422,246.6999969482422,236.8000030517578,240.5500030517578,227.81988525390625,3955,PONNIERODE,,,Ponni Sugars (Erode) Limited
2021-11-12,237.0,241.8999938964844,235.0,235.9499969482422,223.4633026123047,4480,PONNIERODE,,,Ponni Sugars (Erode) Limited
2021-11-15,233.25,241.0,233.0,238.8500061035156,226.20985412597656,6099,PONNIERODE,,,Ponni Sugars (Erode) Limited
2021-11-16,239.0,241.0,233.5500030517578,235.1499938964844,222.7056427001953,6612,PONNIERODE,,,Ponni Sugars (Erode) Limited
2021-11-17,239.8999938964844,246.8999938964844,234.1999969482422,246.25,233.21823120117188,19122,PONNIERODE,,,Ponni Sugars (Erode) Limited
2021-11-18,252.0,253.0,238.0,239.3000030517578,226.6360321044922,7178,PONNIERODE,,,Ponni Sugars (Erode) Limited
2021-11-22,249.6999969482422,249.6999969482422,230.1000061035156,233.1999969482422,220.85885620117188,8515,PONNIERODE,,,Ponni Sugars (Erode) Limited
2021-11-23,232.8999938964844,237.5,230.1000061035156,233.5500030517578,221.1903381347656,9495,PONNIERODE,,,Ponni Sugars (Erode) Limited
2021-11-24,236.0,241.5,234.0500030517578,236.1999969482422,223.70008850097656,7139,PONNIERODE,,,Ponni Sugars (Erode) Limited
2021-11-25,238.75,238.75,233.0500030517578,234.8500061035156,222.42153930664065,7763,PONNIERODE,,,Ponni Sugars (Erode) Limited
2021-11-26,235.8500061035156,235.9499969482422,226.0500030517578,227.1000061035156,215.0816650390625,10542,PONNIERODE,,,Ponni Sugars (Erode) Limited
2021-11-29,225.0,225.1499938964844,216.0,217.5,205.9897003173828,8943,PONNIERODE,,,Ponni Sugars (Erode) Limited
2021-11-30,227.0,227.0,216.0,217.0,205.51617431640625,3993,PONNIERODE,,,Ponni Sugars (Erode) Limited
2021-12-01,223.9499969482422,223.9499969482422,217.1000061035156,219.3999938964844,207.7891540527344,4114,PONNIERODE,,,Ponni Sugars (Erode) Limited
2021-12-02,221.0,221.0,217.0500030517578,219.1999969482422,207.5997314453125,3189,PONNIERODE,,,Ponni Sugars (Erode) Limited
2021-12-03,223.6000061035156,223.6000061035156,217.3000030517578,218.0,206.46324157714844,7444,PONNIERODE,,,Ponni Sugars (Erode) Limited
2021-12-06,219.8000030517578,220.0,215.0,215.1499938964844,203.7640686035156,4866,PONNIERODE,,,Ponni Sugars (Erode) Limited
2021-12-07,219.8500061035156,219.9499969482422,216.5500030517578,217.4499969482422,205.9423675537109,9477,PONNIERODE,,,Ponni Sugars (Erode) Limited
2021-12-08,220.0,220.0,216.1000061035156,217.8999938964844,206.3685302734375,7792,PONNIERODE,,,Ponni Sugars (Erode) Limited
2021-12-09,218.0,224.0,215.5500030517578,217.8000030517578,206.2738342285156,103478,PONNIERODE,,,Ponni Sugars (Erode) Limited
2021-12-10,220.3999938964844,221.6999969482422,213.9499969482422,215.75,204.3323211669922,36667,PONNIERODE,,,Ponni Sugars (Erode) Limited
2021-12-13,219.6999969482422,220.8999938964844,212.8000030517578,213.9499969482422,202.6275634765625,19035,PONNIERODE,,,Ponni Sugars (Erode) Limited
2021-12-14,213.8500061035156,219.0,206.8000030517578,211.3999938964844,200.2125244140625,23836,PONNIERODE,,,Ponni Sugars (Erode) Limited
2021-12-15,211.8000030517578,213.0,207.5500030517578,210.5,199.3601531982422,22366,PONNIERODE,,,Ponni Sugars (Erode) Limited
2021-12-16,209.0500030517578,214.0,205.3500061035156,209.3999938964844,198.31837463378903,10460,PONNIERODE,,,Ponni Sugars (Erode) Limited
2021-12-17,208.0,209.6499938964844,203.1000061035156,203.8500061035156,193.0620880126953,9642,PONNIERODE,,,Ponni Sugars (Erode) Limited
2021-12-20,207.6999969482422,207.6999969482422,196.0,199.1999969482422,188.6581573486328,13611,PONNIERODE,,,Ponni Sugars (Erode) Limited
2021-12-21,203.9499969482422,203.9499969482422,200.4499969482422,201.5500030517578,190.8837890625,3645,PONNIERODE,,,Ponni Sugars (Erode) Limited
2021-12-22,202.75,203.8500061035156,201.1000061035156,202.6499938964844,191.9255828857422,3466,PONNIERODE,,,Ponni Sugars (Erode) Limited
2021-12-23,203.0,208.3999938964844,201.1000061035156,206.0,195.09829711914065,6514,PONNIERODE,,,Ponni Sugars (Erode) Limited
2021-12-24,208.6000061035156,208.6000061035156,203.3000030517578,205.5500030517578,194.672119140625,2987,PONNIERODE,,,Ponni Sugars (Erode) Limited
2021-12-27,209.6999969482422,209.6999969482422,201.6499938964844,207.8500061035156,196.85040283203125,6958,PONNIERODE,,,Ponni Sugars (Erode) Limited
2021-12-28,208.8999938964844,224.8500061035156,206.5,222.6999969482422,210.9145050048828,20259,PONNIERODE,,,Ponni Sugars (Erode) Limited
2021-12-29,224.0,226.0,216.3000030517578,218.8000030517578,207.22091674804688,26513,PONNIERODE,,,Ponni Sugars (Erode) Limited
2021-12-30,223.9499969482422,223.9499969482422,215.1000061035156,215.8999938964844,204.4743804931641,4307,PONNIERODE,,,Ponni Sugars (Erode) Limited
2021-12-31,218.0,219.8999938964844,212.0,213.6499938964844,202.34344482421875,7066,PONNIERODE,,,Ponni Sugars (Erode) Limited
2022-01-03,226.0,226.0,216.8999938964844,219.1499938964844,207.5523834228516,21091,PONNIERODE,,,Ponni Sugars (Erode) Limited
2022-01-04,213.3000030517578,241.0500030517578,213.3000030517578,241.0500030517578,228.2934112548828,133584,PONNIERODE,,,Ponni Sugars (Erode) Limited
2022-01-05,265.0,265.1499938964844,255.1499938964844,265.1499938964844,251.1180114746093,97185,PONNIERODE,,,Ponni Sugars (Erode) Limited
2022-01-06,275.0,291.6499938964844,270.45001220703125,291.6499938964844,276.21563720703125,246718,PONNIERODE,,,Ponni Sugars (Erode) Limited
2022-01-07,298.79998779296875,306.20001220703125,277.1000061035156,280.3999938964844,265.5609741210937,340030,PONNIERODE,,,Ponni Sugars (Erode) Limited
2022-01-10,282.8999938964844,282.8999938964844,270.5,272.70001220703125,258.2684631347656,65076,PONNIERODE,,,Ponni Sugars (Erode) Limited
2022-01-11,271.0,273.54998779296875,260.04998779296875,261.8999938964844,248.0400238037109,55669,PONNIERODE,,,Ponni Sugars (Erode) Limited
2022-01-12,258.3999938964844,274.95001220703125,258.3999938964844,274.1000061035156,259.5943908691406,75942,PONNIERODE,,,Ponni Sugars (Erode) Limited
2022-01-13,279.3999938964844,283.6499938964844,266.8500061035156,276.45001220703125,261.8200378417969,73335,PONNIERODE,,,Ponni Sugars (Erode) Limited
2022-01-14,279.0,283.29998779296875,272.5,277.45001220703125,262.76708984375,38698,PONNIERODE,,,Ponni Sugars (Erode) Limited
2022-01-17,283.0,283.0,274.0,279.3999938964844,264.6138916015625,36588,PONNIERODE,,,Ponni Sugars (Erode) Limited
2022-01-18,283.0,284.3500061035156,270.0,272.79998779296875,258.3631591796875,34734,PONNIERODE,,,Ponni Sugars (Erode) Limited
2022-01-19,273.0,278.75,267.0,272.04998779296875,257.6528625488281,37175,PONNIERODE,,,Ponni Sugars (Erode) Limited
2022-01-20,272.04998779296875,285.6499938964844,272.04998779296875,284.75,269.6807556152344,58940,PONNIERODE,,,Ponni Sugars (Erode) Limited
2022-01-21,296.6499938964844,298.70001220703125,270.54998779296875,272.45001220703125,258.0317077636719,168682,PONNIERODE,,,Ponni Sugars (Erode) Limited
2022-01-24,272.0,272.0,258.8500061035156,258.8500061035156,245.1514434814453,61288,PONNIERODE,,,Ponni Sugars (Erode) Limited
2022-01-25,264.8999938964844,264.8999938964844,250.0,254.3999938964844,240.9369354248047,57795,PONNIERODE,,,Ponni Sugars (Erode) Limited
2022-01-27,254.3000030517578,263.0,246.6499938964844,258.1499938964844,244.4884796142578,29147,PONNIERODE,,,Ponni Sugars (Erode) Limited
2022-01-28,260.0,267.0,257.1499938964844,258.70001220703125,245.0093688964844,25214,PONNIERODE,,,Ponni Sugars (Erode) Limited
2022-01-31,258.70001220703125,268.45001220703125,257.1000061035156,257.8999938964844,244.251693725586,14001,PONNIERODE,,,Ponni Sugars (Erode) Limited
2022-02-01,262.8999938964844,262.8999938964844,247.5,248.8500061035156,235.6806488037109,29167,PONNIERODE,,,Ponni Sugars (Erode) Limited
2022-02-02,254.25,260.6499938964844,254.25,258.25,244.58319091796875,24723,PONNIERODE,,,Ponni Sugars (Erode) Limited
2022-02-03,258.25,271.1499938964844,257.45001220703125,269.6499938964844,255.3798828125,60135,PONNIERODE,,,Ponni Sugars (Erode) Limited
2022-02-04,269.6499938964844,274.0,261.25,263.5,249.5553436279297,23799,PONNIERODE,,,Ponni Sugars (Erode) Limited
2022-02-07,263.5,276.6000061035156,261.0,264.20001220703125,250.2183074951172,62198,PONNIERODE,,,Ponni Sugars (Erode) Limited
2022-02-08,264.79998779296875,268.0,252.5,260.45001220703125,246.6667633056641,15283,PONNIERODE,,,Ponni Sugars (Erode) Limited
2022-02-09,260.04998779296875,264.8999938964844,252.6999969482422,255.1000061035156,241.5998992919922,34924,PONNIERODE,,,Ponni Sugars (Erode) Limited
2022-02-10,258.0,260.0,249.5,250.8500061035156,237.57481384277344,26307,PONNIERODE,,,Ponni Sugars (Erode) Limited
2022-02-11,248.0500030517578,250.6999969482422,245.0,246.0,232.98146057128903,17618,PONNIERODE,,,Ponni Sugars (Erode) Limited
2022-02-14,241.1000061035156,245.6000061035156,231.1000061035156,231.8000030517578,219.532943725586,16674,PONNIERODE,,,Ponni Sugars (Erode) Limited
2022-02-15,231.1000061035156,240.0,226.9499969482422,234.3000030517578,221.900634765625,15854,PONNIERODE,,,Ponni Sugars (Erode) Limited
2022-02-16,237.8999938964844,249.5500030517578,235.0,245.3000030517578,232.3184967041016,19720,PONNIERODE,,,Ponni Sugars (Erode) Limited
2022-02-17,250.0,251.0,238.0,240.6999969482422,227.96194458007807,9662,PONNIERODE,,,Ponni Sugars (Erode) Limited
2022-02-18,238.0,241.75,230.0,232.1499938964844,219.86441040039065,6797,PONNIERODE,,,Ponni Sugars (Erode) Limited
2022-02-21,232.0,238.3999938964844,223.3500061035156,225.6000061035156,213.6610565185547,13775,PONNIERODE,,,Ponni Sugars (Erode) Limited
2022-02-22,219.0,227.9499969482422,210.8500061035156,223.25,211.4354248046875,10575,PONNIERODE,,,Ponni Sugars (Erode) Limited
2022-02-23,235.3999938964844,235.3999938964844,222.9499969482422,225.1000061035156,213.18751525878903,15977,PONNIERODE,,,Ponni Sugars (Erode) Limited
2022-02-24,218.25,218.9499969482422,207.0,209.1000061035156,198.03424072265625,23721,PONNIERODE,,,Ponni Sugars (Erode) Limited
2022-02-25,206.0,223.75,206.0,219.8500061035156,208.21534729003903,15952,PONNIERODE,,,Ponni Sugars (Erode) Limited
2022-02-28,216.25,229.3999938964844,212.0,226.9499969482422,214.9396209716797,13484,PONNIERODE,,,Ponni Sugars (Erode) Limited
2022-03-02,219.0,229.5,219.0,221.8000030517578,210.0621490478516,13068,PONNIERODE,,,Ponni Sugars (Erode) Limited
2022-03-03,228.8000030517578,233.9499969482422,224.0,228.3999938964844,216.3128662109375,19736,PONNIERODE,,,Ponni Sugars (Erode) Limited
2022-03-04,224.0500030517578,235.0,222.1999969482422,223.75,211.90896606445312,8515,PONNIERODE,,,Ponni Sugars (Erode) Limited
2022-03-07,226.6999969482422,226.6999969482422,217.1499938964844,221.3000030517578,209.588607788086,10695,PONNIERODE,,,Ponni Sugars (Erode) Limited
2022-03-08,217.5,233.8999938964844,217.5,228.3000030517578,216.2181701660156,14168,PONNIERODE,,,Ponni Sugars (Erode) Limited
2022-03-09,235.0,247.4499969482422,223.6999969482422,233.6999969482422,221.3323974609375,60339,PONNIERODE,,,Ponni Sugars (Erode) Limited
2022-03-10,240.0,243.0,237.3999938964844,240.25,227.53575134277344,17370,PONNIERODE,,,Ponni Sugars (Erode) Limited
2022-03-11,245.0,264.25,237.0,264.25,250.26565551757807,73078,PONNIERODE,,,Ponni Sugars (Erode) Limited
2022-03-14,272.0,283.5,255.0,269.25,255.0010528564453,195036,PONNIERODE,,,Ponni Sugars (Erode) Limited
2022-03-15,268.8999938964844,273.70001220703125,250.1499938964844,251.6999969482422,238.3798065185547,65647,PONNIERODE,,,Ponni Sugars (Erode) Limited
2022-03-16,255.0,259.6499938964844,248.0,250.5,237.2433013916016,40046,PONNIERODE,,,Ponni Sugars (Erode) Limited
2022-03-17,254.6999969482422,256.8500061035156,245.0,246.1499938964844,233.12350463867188,21732,PONNIERODE,,,Ponni Sugars (Erode) Limited
2022-03-21,252.0,258.0,248.25,251.1499938964844,237.85890197753903,33752,PONNIERODE,,,Ponni Sugars (Erode) Limited
2022-03-22,252.3500061035156,275.0,249.25,267.6000061035156,253.4383850097656,72350,PONNIERODE,,,Ponni Sugars (Erode) Limited
2022-03-23,268.0,273.70001220703125,255.1000061035156,258.25,244.58319091796875,62175,PONNIERODE,,,Ponni Sugars (Erode) Limited
2022-03-24,260.79998779296875,264.5,250.0,252.3500061035156,238.99542236328125,40829,PONNIERODE,,,Ponni Sugars (Erode) Limited
2022-03-25,252.5500030517578,255.6999969482422,246.4499969482422,249.75,236.5330047607422,17955,PONNIERODE,,,Ponni Sugars (Erode) Limited
2022-03-28,250.1000061035156,253.3500061035156,235.1499938964844,239.5500030517578,226.872802734375,35994,PONNIERODE,,,Ponni Sugars (Erode) Limited
2022-03-29,242.9499969482422,245.0,235.1999969482422,238.5500030517578,225.9257354736328,13129,PONNIERODE,,,Ponni Sugars (Erode) Limited
2022-03-30,242.5,246.0,235.3500061035156,237.6499938964844,225.07334899902344,22941,PONNIERODE,,,Ponni Sugars (Erode) Limited
2022-03-31,237.6499938964844,240.9499969482422,227.8999938964844,230.1499938964844,217.9702606201172,25026,PONNIERODE,,,Ponni Sugars (Erode) Limited
2022-04-01,235.0,243.3999938964844,234.8999938964844,238.8999938964844,226.2572021484375,18857,PONNIERODE,,,Ponni Sugars (Erode) Limited
2022-04-04,243.3999938964844,248.75,240.1000061035156,246.0500030517578,233.02880859375,33907,PONNIERODE,,,Ponni Sugars (Erode) Limited
2022-04-05,246.3500061035156,267.5,243.6499938964844,257.79998779296875,244.156982421875,78745,PONNIERODE,,,Ponni Sugars (Erode) Limited
2022-04-06,259.3999938964844,274.79998779296875,257.45001220703125,264.6000061035156,250.5971527099609,118806,PONNIERODE,,,Ponni Sugars (Erode) Limited
2022-04-07,265.79998779296875,282.54998779296875,265.0,272.20001220703125,257.79498291015625,125727,PONNIERODE,,,Ponni Sugars (Erode) Limited
2022-04-08,274.8999938964844,275.0,268.0,273.3500061035156,258.88409423828125,27421,PONNIERODE,,,Ponni Sugars (Erode) Limited
2022-04-11,273.5,285.0,267.95001220703125,277.25,262.5776672363281,47276,PONNIERODE,,,Ponni Sugars (Erode) Limited
2022-04-12,277.25,278.95001220703125,266.04998779296875,269.8999938964844,255.6166229248047,38067,PONNIERODE,,,Ponni Sugars (Erode) Limited
2022-04-13,275.0,278.0,268.8500061035156,272.1499938964844,257.7475891113281,42466,PONNIERODE,,,Ponni Sugars (Erode) Limited
2022-04-18,272.1499938964844,288.0,268.1000061035156,280.8500061035156,265.9871826171875,101398,PONNIERODE,,,Ponni Sugars (Erode) Limited
2022-04-19,284.70001220703125,293.0,275.1000061035156,283.25,268.2601623535156,90241,PONNIERODE,,,Ponni Sugars (Erode) Limited
2022-04-20,282.95001220703125,284.75,269.0,277.54998779296875,262.8617858886719,41182,PONNIERODE,,,Ponni Sugars (Erode) Limited
2022-04-21,281.5,297.8999938964844,280.70001220703125,290.45001220703125,275.0791320800781,121167,PONNIERODE,,,Ponni Sugars (Erode) Limited
2022-04-22,289.8999938964844,319.70001220703125,288.1499938964844,302.0,286.01788330078125,286302,PONNIERODE,,,Ponni Sugars (Erode) Limited
2022-04-25,300.8999938964844,304.8500061035156,287.1000061035156,289.29998779296875,273.9899597167969,88593,PONNIERODE,,,Ponni Sugars (Erode) Limited
2022-04-26,291.0,297.0,281.0,284.25,269.207275390625,62171,PONNIERODE,,,Ponni Sugars (Erode) Limited
2022-04-27,282.8500061035156,282.8500061035156,267.1000061035156,271.6000061035156,257.2266845703125,48422,PONNIERODE,,,Ponni Sugars (Erode) Limited
2022-04-28,274.20001220703125,276.95001220703125,267.0,268.95001220703125,254.7169342041016,32188,PONNIERODE,,,Ponni Sugars (Erode) Limited
2022-04-29,271.0,276.0,260.0,263.25,249.31857299804688,37234,PONNIERODE,,,Ponni Sugars (Erode) Limited
2022-05-02,261.70001220703125,273.0,260.1000061035156,270.79998779296875,256.468994140625,33409,PONNIERODE,,,Ponni Sugars (Erode) Limited
2022-05-04,265.6000061035156,271.20001220703125,252.0,255.0,241.5051727294922,46020,PONNIERODE,,,Ponni Sugars (Erode) Limited
2022-05-05,259.6000061035156,284.6000061035156,258.3500061035156,275.29998779296875,260.7308654785156,231852,PONNIERODE,,,Ponni Sugars (Erode) Limited
2022-05-06,270.0,275.20001220703125,255.1999969482422,268.20001220703125,254.0066375732422,116670,PONNIERODE,,,Ponni Sugars (Erode) Limited
2022-05-09,267.0,304.3999938964844,266.04998779296875,272.3500061035156,257.93701171875,248495,PONNIERODE,,,Ponni Sugars (Erode) Limited
2022-05-10,275.3500061035156,279.3999938964844,256.04998779296875,260.95001220703125,247.1403045654297,40864,PONNIERODE,,,Ponni Sugars (Erode) Limited
2022-05-11,256.04998779296875,261.79998779296875,245.0,249.3999938964844,236.2015380859375,48736,PONNIERODE,,,Ponni Sugars (Erode) Limited
2022-05-12,245.0,250.1499938964844,240.0,241.1499938964844,228.3881225585937,37032,PONNIERODE,,,Ponni Sugars (Erode) Limited
2022-05-13,248.6999969482422,258.6499938964844,246.5500030517578,250.8999938964844,237.6221466064453,28157,PONNIERODE,,,Ponni Sugars (Erode) Limited
2022-05-16,255.9499969482422,260.0,252.1499938964844,255.75,242.21548461914065,12914,PONNIERODE,,,Ponni Sugars (Erode) Limited
2022-05-17,260.79998779296875,296.0,256.1000061035156,283.8500061035156,268.8283996582031,427773,PONNIERODE,,,Ponni Sugars (Erode) Limited
2022-05-18,283.54998779296875,295.45001220703125,280.04998779296875,287.29998779296875,272.0958557128906,121552,PONNIERODE,,,Ponni Sugars (Erode) Limited
2022-05-19,279.3500061035156,291.0,270.04998779296875,272.25,257.84228515625,60072,PONNIERODE,,,Ponni Sugars (Erode) Limited
2022-05-20,277.20001220703125,283.95001220703125,275.25,278.1000061035156,263.3827209472656,32408,PONNIERODE,,,Ponni Sugars (Erode) Limited
2022-05-23,284.0,284.0,265.0,268.3999938964844,254.196029663086,14754,PONNIERODE,,,Ponni Sugars (Erode) Limited
2022-05-24,268.3500061035156,268.3500061035156,245.0,250.5500030517578,237.2906646728516,51064,PONNIERODE,,,Ponni Sugars (Erode) Limited
2022-05-25,244.0,254.6499938964844,230.0,234.6000061035156,222.1847686767578,42969,PONNIERODE,,,Ponni Sugars (Erode) Limited
2022-05-26,233.0,240.3500061035156,226.1000061035156,237.0,224.457763671875,45263,PONNIERODE,,,Ponni Sugars (Erode) Limited
2022-05-27,240.5500030517578,248.8999938964844,237.8000030517578,242.3000030517578,229.477279663086,31093,PONNIERODE,,,Ponni Sugars (Erode) Limited
2022-05-30,246.1999969482422,248.1000061035156,242.5500030517578,243.4499969482422,230.56640625,14433,PONNIERODE,,,Ponni Sugars (Erode) Limited
2022-05-31,245.0,254.8000030517578,240.8500061035156,243.1999969482422,230.3296356201172,34102,PONNIERODE,,,Ponni Sugars (Erode) Limited
2022-06-01,245.0,253.9499969482422,240.6000061035156,250.75,237.48008728027344,24376,PONNIERODE,,,Ponni Sugars (Erode) Limited
2022-06-02,253.0,255.75,246.5,252.8999938964844,239.51629638671875,25632,PONNIERODE,,,Ponni Sugars (Erode) Limited
2022-06-03,256.0,256.6499938964844,242.1000061035156,244.6499938964844,231.7028961181641,18216,PONNIERODE,,,Ponni Sugars (Erode) Limited
2022-06-06,246.6999969482422,250.0,242.3000030517578,246.8999938964844,233.8338317871093,25078,PONNIERODE,,,Ponni Sugars (Erode) Limited
2022-06-07,250.0,252.8999938964844,247.0,251.6000061035156,238.2851104736328,17196,PONNIERODE,,,Ponni Sugars (Erode) Limited
2022-06-08,254.0,255.0,241.0500030517578,243.5,230.61376953125,22154,PONNIERODE,,,Ponni Sugars (Erode) Limited
2022-06-09,243.0500030517578,249.3999938964844,238.5,248.6499938964844,235.4912109375,11953,PONNIERODE,,,Ponni Sugars (Erode) Limited
2022-06-10,246.0,250.0,244.0500030517578,245.4499969482422,232.46055603027344,8415,PONNIERODE,,,Ponni Sugars (Erode) Limited
2022-06-13,245.0,245.0,232.0,235.4499969482422,222.98977661132807,13498,PONNIERODE,,,Ponni Sugars (Erode) Limited
2022-06-14,237.3999938964844,253.0,236.9499969482422,250.6499938964844,237.3853759765625,132888,PONNIERODE,,,Ponni Sugars (Erode) Limited
2022-06-15,250.0,252.5500030517578,243.8999938964844,245.0500030517578,232.08175659179688,21117,PONNIERODE,,,Ponni Sugars (Erode) Limited
2022-06-16,251.0,251.5,231.0,232.8000030517578,220.4800262451172,17584,PONNIERODE,,,Ponni Sugars (Erode) Limited
2022-06-17,239.3999938964844,239.3999938964844,222.5,225.1000061035156,213.18751525878903,17092,PONNIERODE,,,Ponni Sugars (Erode) Limited
2022-06-20,226.3000030517578,265.6000061035156,209.5,231.8999938964844,219.62765502929688,24837,PONNIERODE,,,Ponni Sugars (Erode) Limited
2022-06-21,240.9499969482422,244.3000030517578,231.6999969482422,240.6999969482422,227.96194458007807,14361,PONNIERODE,,,Ponni Sugars (Erode) Limited
2022-06-22,242.3999938964844,242.5,228.1499938964844,230.4499969482422,218.2543792724609,13025,PONNIERODE,,,Ponni Sugars (Erode) Limited
2022-06-23,238.0,238.0,230.4499969482422,231.6499938964844,219.390869140625,7205,PONNIERODE,,,Ponni Sugars (Erode) Limited
2022-06-24,230.1999969482422,245.0,230.1999969482422,241.6999969482422,228.9090118408203,16709,PONNIERODE,,,Ponni Sugars (Erode) Limited
2022-06-27,245.0,245.0,236.1000061035156,238.6000061035156,225.9730834960937,14640,PONNIERODE,,,Ponni Sugars (Erode) Limited
2022-06-28,238.6000061035156,254.9499969482422,236.8500061035156,253.3999938964844,239.9898376464844,77071,PONNIERODE,,,Ponni Sugars (Erode) Limited
2022-06-29,251.9499969482422,255.0,244.3000030517578,245.5500030517578,232.5552673339844,22749,PONNIERODE,,,Ponni Sugars (Erode) Limited
2022-06-30,248.6499938964844,249.4499969482422,242.0,245.8999938964844,232.88674926757807,9022,PONNIERODE,,,Ponni Sugars (Erode) Limited
2022-07-01,244.8999938964844,248.8500061035156,241.0,243.0,230.1402282714844,11410,PONNIERODE,,,Ponni Sugars (Erode) Limited
2022-07-04,245.3999938964844,248.0,241.6499938964844,244.8500061035156,231.892318725586,13429,PONNIERODE,,,Ponni Sugars (Erode) Limited
2022-07-05,246.8000030517578,253.5,246.0,248.8500061035156,235.6806488037109,28280,PONNIERODE,,,Ponni Sugars (Erode) Limited
2022-07-06,248.3000030517578,248.3000030517578,242.0,243.3000030517578,235.63221740722656,7814,PONNIERODE,,,Ponni Sugars (Erode) Limited
2022-07-07,246.8500061035156,248.75,242.1000061035156,243.75,236.06802368164065,7988,PONNIERODE,,,Ponni Sugars (Erode) Limited
2022-07-08,244.0500030517578,261.95001220703125,244.0500030517578,251.75,243.8159027099609,37034,PONNIERODE,,,Ponni Sugars (Erode) Limited
2022-07-11,256.3999938964844,257.6000061035156,250.3500061035156,255.0,246.9634704589844,18844,PONNIERODE,,,Ponni Sugars (Erode) Limited
2022-07-12,252.0,262.0,250.5500030517578,251.8000030517578,243.8643341064453,27527,PONNIERODE,,,Ponni Sugars (Erode) Limited
2022-07-13,258.0,258.0,245.0,247.4499969482422,239.6514129638672,6862,PONNIERODE,,,Ponni Sugars (Erode) Limited
2022-07-14,250.6499938964844,250.8999938964844,242.0,242.8999938964844,235.2447967529297,7022,PONNIERODE,,,Ponni Sugars (Erode) Limited
2022-07-15,245.3000030517578,247.6999969482422,239.25,243.6999969482422,236.01959228515625,14761,PONNIERODE,,,Ponni Sugars (Erode) Limited
2022-07-18,246.3999938964844,251.9499969482422,243.8999938964844,249.1999969482422,241.34625244140625,9056,PONNIERODE,,,Ponni Sugars (Erode) Limited
2022-07-19,252.0,254.75,250.1000061035156,252.1499938964844,244.20327758789065,11096,PONNIERODE,,,Ponni Sugars (Erode) Limited
2022-07-20,247.8999938964844,251.5,240.0,245.25,237.520751953125,48452,PONNIERODE,,,Ponni Sugars (Erode) Limited
2022-07-21,248.0,255.5,246.5500030517578,249.3500061035156,241.4915466308593,42405,PONNIERODE,,,Ponni Sugars (Erode) Limited
2022-07-22,253.0,253.8500061035156,242.6499938964844,244.25,236.55226135253903,20798,PONNIERODE,,,Ponni Sugars (Erode) Limited
2022-07-25,246.1999969482422,246.1999969482422,236.4499969482422,237.8999938964844,230.40237426757807,32417,PONNIERODE,,,Ponni Sugars (Erode) Limited
2022-07-26,238.5,241.0,235.0,235.75,228.3201599121093,10558,PONNIERODE,,,Ponni Sugars (Erode) Limited
2022-07-27,232.1499938964844,239.5,232.1499938964844,237.4499969482422,229.9665679931641,2804,PONNIERODE,,,Ponni Sugars (Erode) Limited
2022-07-28,239.5,243.8000030517578,235.8999938964844,236.6999969482422,229.24020385742188,16155,PONNIERODE,,,Ponni Sugars (Erode) Limited
2022-07-29,240.1999969482422,242.0,237.3000030517578,239.3999938964844,231.8551025390625,9352,PONNIERODE,,,Ponni Sugars (Erode) Limited
2022-08-01,241.8999938964844,242.3000030517578,237.6499938964844,239.3500061035156,231.80670166015625,7770,PONNIERODE,,,Ponni Sugars (Erode) Limited
2022-08-02,239.3500061035156,248.8999938964844,238.1499938964844,245.1000061035156,237.37548828125,39712,PONNIERODE,,,Ponni Sugars (Erode) Limited
2022-08-03,245.1000061035156,252.3999938964844,243.8999938964844,246.6499938964844,238.87661743164065,18742,PONNIERODE,,,Ponni Sugars (Erode) Limited
2022-08-04,246.6499938964844,246.9499969482422,237.5,238.1499938964844,230.64450073242188,14312,PONNIERODE,,,Ponni Sugars (Erode) Limited
2022-08-05,238.1499938964844,259.79998779296875,238.1499938964844,256.1499938964844,248.0772247314453,191819,PONNIERODE,,,Ponni Sugars (Erode) Limited
2022-08-08,253.8999938964844,259.75,248.0,252.6999969482422,244.73594665527344,31269,PONNIERODE,,,Ponni Sugars (Erode) Limited
2022-08-10,252.6999969482422,252.6999969482422,243.0,245.6499938964844,237.9081268310547,16817,PONNIERODE,,,Ponni Sugars (Erode) Limited
2022-08-11,249.1999969482422,252.0,247.0,247.3999938964844,239.6029815673828,10858,PONNIERODE,,,Ponni Sugars (Erode) Limited
2022-08-12,251.0,252.0,246.0500030517578,249.1499938964844,241.2978363037109,12063,PONNIERODE,,,Ponni Sugars (Erode) Limited
2022-08-16,250.0,262.6000061035156,249.0,257.6000061035156,249.48155212402344,37510,PONNIERODE,,,Ponni Sugars (Erode) Limited
2022-08-17,258.20001220703125,258.20001220703125,250.5500030517578,252.8999938964844,244.9296417236328,14405,PONNIERODE,,,Ponni Sugars (Erode) Limited
2022-08-18,250.0,256.0,248.6499938964844,250.8999938964844,242.99267578125,8181,PONNIERODE,,,Ponni Sugars (Erode) Limited
2022-08-19,253.0,255.5,248.0,249.1999969482422,241.34625244140625,7336,PONNIERODE,,,Ponni Sugars (Erode) Limited
2022-08-22,252.75,252.75,242.3999938964844,242.9499969482422,235.2932281494141,10040,PONNIERODE,,,Ponni Sugars (Erode) Limited
2022-08-23,246.5500030517578,249.6999969482422,241.0500030517578,244.8000030517578,237.0849456787109,16173,PONNIERODE,,,Ponni Sugars (Erode) Limited
2022-08-24,243.1000061035156,251.8999938964844,243.1000061035156,246.1999969482422,238.44081115722656,7145,PONNIERODE,,,Ponni Sugars (Erode) Limited
2022-08-25,249.5,255.8000030517578,247.1000061035156,250.0500030517578,242.1694793701172,14329,PONNIERODE,,,Ponni Sugars (Erode) Limited
2022-08-26,253.5,253.5,248.4499969482422,250.4499969482422,242.556869506836,4653,PONNIERODE,,,Ponni Sugars (Erode) Limited
2022-08-29,243.1999969482422,252.9499969482422,241.0,252.1000061035156,244.1548767089844,10567,PONNIERODE,,,Ponni Sugars (Erode) Limited
2022-08-30,254.0,259.95001220703125,251.1499938964844,254.1999969482422,246.1886749267578,16930,PONNIERODE,,,Ponni Sugars (Erode) Limited
2022-09-01,257.70001220703125,259.95001220703125,253.6499938964844,256.1499938964844,248.0772247314453,8015,PONNIERODE,,,Ponni Sugars (Erode) Limited
2022-09-02,257.75,259.0,251.9499969482422,253.6999969482422,245.7044372558593,6559,PONNIERODE,,,Ponni Sugars (Erode) Limited
2022-09-05,257.29998779296875,259.0,252.25,253.6499938964844,245.656005859375,8196,PONNIERODE,,,Ponni Sugars (Erode) Limited
2022-09-06,257.0,276.3999938964844,254.0,265.04998779296875,256.6967163085937,85844,PONNIERODE,,,Ponni Sugars (Erode) Limited
2022-09-07,268.79998779296875,271.54998779296875,263.20001220703125,266.04998779296875,257.6651916503906,11773,PONNIERODE,,,Ponni Sugars (Erode) Limited
2022-09-08,267.75,270.3500061035156,259.25,262.04998779296875,253.791259765625,13921,PONNIERODE,,,Ponni Sugars (Erode) Limited
2022-09-09,264.75,265.0,253.0,255.1000061035156,247.06033325195312,13073,PONNIERODE,,,Ponni Sugars (Erode) Limited
2022-09-12,263.75,263.75,251.3500061035156,254.9499969482422,246.9150390625,14791,PONNIERODE,,,Ponni Sugars (Erode) Limited
2022-09-13,254.0,258.0,247.5500030517578,252.3000030517578,244.3485717773437,13418,PONNIERODE,,,Ponni Sugars (Erode) Limited
2022-09-14,251.3999938964844,258.29998779296875,249.1000061035156,251.75,243.8159027099609,11423,PONNIERODE,,,Ponni Sugars (Erode) Limited
2022-09-15,253.8000030517578,258.79998779296875,251.0,256.1000061035156,248.02882385253903,16338,PONNIERODE,,,Ponni Sugars (Erode) Limited
2022-09-16,259.8500061035156,259.8500061035156,246.1000061035156,250.5,242.6053009033203,14571,PONNIERODE,,,Ponni Sugars (Erode) Limited
2022-09-19,250.6999969482422,256.0,248.0,248.5500030517578,240.7167510986328,12712,PONNIERODE,,,Ponni Sugars (Erode) Limited
2022-09-20,255.0,261.0,250.1499938964844,259.54998779296875,251.3700714111328,20321,PONNIERODE,,,Ponni Sugars (Erode) Limited
2022-09-21,263.70001220703125,274.0,256.20001220703125,266.70001220703125,258.2947692871094,76758,PONNIERODE,,,Ponni Sugars (Erode) Limited
2022-09-22,263.1499938964844,268.75,257.70001220703125,262.0,253.74285888671875,22434,PONNIERODE,,,Ponni Sugars (Erode) Limited
2022-09-23,262.1000061035156,265.0,254.1999969482422,255.8999938964844,247.8350982666016,22597,PONNIERODE,,,Ponni Sugars (Erode) Limited
2022-09-26,255.8500061035156,258.6499938964844,240.0500030517578,241.1000061035156,233.5015563964844,21300,PONNIERODE,,,Ponni Sugars (Erode) Limited
2022-09-27,243.0,248.1999969482422,240.0,242.8999938964844,235.2447967529297,9109,PONNIERODE,,,Ponni Sugars (Erode) Limited
2022-09-28,240.0500030517578,242.8999938964844,238.5500030517578,239.8000030517578,232.2425231933593,8364,PONNIERODE,,,Ponni Sugars (Erode) Limited
2022-09-29,251.9499969482422,251.9499969482422,240.3000030517578,241.0,233.4046936035156,3212,PONNIERODE,,,Ponni Sugars (Erode) Limited
2022-09-30,240.0,249.8999938964844,240.0,246.8000030517578,239.0219116210937,9807,PONNIERODE,,,Ponni Sugars (Erode) Limited
2022-10-03,245.0,246.9499969482422,240.25,241.25,233.6468200683593,4839,PONNIERODE,,,Ponni Sugars (Erode) Limited
2022-10-04,244.8500061035156,246.4499969482422,240.0500030517578,242.4499969482422,234.8089904785156,3380,PONNIERODE,,,Ponni Sugars (Erode) Limited
2022-10-06,245.6000061035156,254.0,243.3500061035156,247.3999938964844,239.6029815673828,10825,PONNIERODE,,,Ponni Sugars (Erode) Limited
2022-10-07,247.3999938964844,258.5,245.25,256.75,248.6583251953125,30084,PONNIERODE,,,Ponni Sugars (Erode) Limited
2022-10-10,256.75,258.8999938964844,250.0500030517578,252.1999969482422,244.251708984375,9313,PONNIERODE,,,Ponni Sugars (Erode) Limited
2022-10-11,255.9499969482422,260.0,251.1999969482422,253.0500030517578,245.074935913086,9513,PONNIERODE,,,Ponni Sugars (Erode) Limited
2022-10-12,252.0500030517578,258.0,249.25,252.8500061035156,244.88124084472656,3431,PONNIERODE,,,Ponni Sugars (Erode) Limited
2022-10-13,251.25,255.9499969482422,248.3500061035156,251.0,243.08953857421875,3396,PONNIERODE,,,Ponni Sugars (Erode) Limited
2022-10-14,254.75,259.8999938964844,249.0,249.8500061035156,241.97579956054688,7212,PONNIERODE,,,Ponni Sugars (Erode) Limited
2022-10-17,253.0,253.5500030517578,248.5,249.4499969482422,241.58837890625,4242,PONNIERODE,,,Ponni Sugars (Erode) Limited
2022-10-18,250.1999969482422,254.9499969482422,247.1499938964844,248.0500030517578,240.2325134277344,5145,PONNIERODE,,,Ponni Sugars (Erode) Limited
2022-10-19,252.9499969482422,256.0,245.0,247.3500061035156,239.55458068847656,5833,PONNIERODE,,,Ponni Sugars (Erode) Limited
2022-10-20,246.5,253.8999938964844,245.3500061035156,248.8000030517578,240.95887756347656,5120,PONNIERODE,,,Ponni Sugars (Erode) Limited
2022-10-21,253.75,253.75,244.0,246.6999969482422,238.925048828125,4680,PONNIERODE,,,Ponni Sugars (Erode) Limited
2022-10-24,247.0,250.0,244.0500030517578,246.3500061035156,238.58609008789065,3817,PONNIERODE,,,Ponni Sugars (Erode) Limited
2022-10-25,248.0,248.6000061035156,244.25,247.8000030517578,239.99038696289065,1963,PONNIERODE,,,Ponni Sugars (Erode) Limited
2022-10-27,247.8000030517578,252.5,246.0500030517578,247.6000061035156,239.7967071533203,6121,PONNIERODE,,,Ponni Sugars (Erode) Limited
2022-10-28,247.3000030517578,251.0,241.0,242.6999969482422,235.0511169433593,7303,PONNIERODE,,,Ponni Sugars (Erode) Limited
2022-10-31,288.5,291.20001220703125,276.3999938964844,291.20001220703125,282.0226135253906,439556,PONNIERODE,,,Ponni Sugars (Erode) Limited
2022-11-01,304.3999938964844,305.79998779296875,279.95001220703125,293.1499938964844,283.9111328125,344603,PONNIERODE,,,Ponni Sugars (Erode) Limited
2022-11-02,292.1000061035156,296.79998779296875,286.0,287.70001220703125,278.6329345703125,60341,PONNIERODE,,,Ponni Sugars (Erode) Limited
2022-11-03,287.04998779296875,290.8500061035156,277.0,279.04998779296875,270.2554931640625,53919,PONNIERODE,,,Ponni Sugars (Erode) Limited
2022-11-04,280.1000061035156,289.0,280.1000061035156,283.04998779296875,274.1294250488281,23868,PONNIERODE,,,Ponni Sugars (Erode) Limited
2022-11-07,285.0,294.79998779296875,283.54998779296875,286.5,277.4707336425781,48422,PONNIERODE,,,Ponni Sugars (Erode) Limited
2022-11-09,290.75,296.29998779296875,285.0,288.3999938964844,279.3108215332031,39524,PONNIERODE,,,Ponni Sugars (Erode) Limited
2022-11-10,285.1000061035156,291.8999938964844,282.0,282.54998779296875,273.64520263671875,17306,PONNIERODE,,,Ponni Sugars (Erode) Limited
2022-11-11,283.79998779296875,288.29998779296875,280.1000061035156,280.95001220703125,272.0956726074219,9848,PONNIERODE,,,Ponni Sugars (Erode) Limited
2022-11-14,285.1499938964844,286.0,278.1499938964844,279.3500061035156,270.54608154296875,19452,PONNIERODE,,,Ponni Sugars (Erode) Limited
2022-11-15,278.20001220703125,284.79998779296875,277.3999938964844,281.45001220703125,272.57989501953125,29690,PONNIERODE,,,Ponni Sugars (Erode) Limited
2022-11-16,285.3999938964844,314.0,282.5,306.20001220703125,296.5498962402344,215652,PONNIERODE,,,Ponni Sugars (Erode) Limited
2022-11-17,307.6499938964844,309.79998779296875,296.04998779296875,297.70001220703125,288.3177795410156,46256,PONNIERODE,,,Ponni Sugars (Erode) Limited
2022-11-18,299.0,303.45001220703125,285.54998779296875,289.70001220703125,280.56988525390625,24028,PONNIERODE,,,Ponni Sugars (Erode) Limited
2022-11-21,290.6000061035156,306.0,290.1000061035156,303.6000061035156,294.0318298339844,53776,PONNIERODE,,,Ponni Sugars (Erode) Limited
2022-11-22,305.0,313.0,299.3999938964844,301.6499938964844,292.14324951171875,44971,PONNIERODE,,,Ponni Sugars (Erode) Limited
2022-11-23,304.70001220703125,308.20001220703125,292.45001220703125,296.3500061035156,287.01031494140625,26148,PONNIERODE,,,Ponni Sugars (Erode) Limited
2022-11-24,298.04998779296875,343.20001220703125,298.04998779296875,322.3999938964844,312.2392883300781,647385,PONNIERODE,,,Ponni Sugars (Erode) Limited
2022-11-25,325.0,332.0,320.0,326.95001220703125,316.6459350585937,116451,PONNIERODE,,,Ponni Sugars (Erode) Limited
2022-11-28,326.95001220703125,345.0,318.45001220703125,331.45001220703125,321.0041198730469,196351,PONNIERODE,,,Ponni Sugars (Erode) Limited
2022-11-29,333.70001220703125,334.25,312.5,316.79998779296875,306.8157653808594,71867,PONNIERODE,,,Ponni Sugars (Erode) Limited
2022-11-30,318.0,319.0,305.0,308.29998779296875,298.5836486816406,49632,PONNIERODE,,,Ponni Sugars (Erode) Limited
2022-12-01,311.8999938964844,318.0,309.6499938964844,311.6000061035156,301.7796936035156,29265,PONNIERODE,,,Ponni Sugars (Erode) Limited
2022-12-02,311.5,330.0,305.20001220703125,324.1499938964844,313.93414306640625,84498,PONNIERODE,,,Ponni Sugars (Erode) Limited
2022-12-05,322.25,344.0,322.25,332.70001220703125,322.2147216796875,117371,PONNIERODE,,,Ponni Sugars (Erode) Limited
2022-12-06,330.5,384.7000122070313,330.5,361.7999877929688,350.3975524902344,1134059,PONNIERODE,,,Ponni Sugars (Erode) Limited
2022-12-07,359.70001220703125,374.0,355.1499938964844,363.7999877929688,352.33453369140625,238566,PONNIERODE,,,Ponni Sugars (Erode) Limited
2022-12-08,363.5,369.0499877929688,346.6000061035156,350.04998779296875,339.01788330078125,105383,PONNIERODE,,,Ponni Sugars (Erode) Limited
2022-12-09,352.0,357.8500061035156,334.0,336.79998779296875,326.1854553222656,79550,PONNIERODE,,,Ponni Sugars (Erode) Limited
2022-12-12,335.0,340.5,328.20001220703125,330.95001220703125,320.5198669433594,49398,PONNIERODE,,,Ponni Sugars (Erode) Limited
2022-12-13,333.70001220703125,346.5,331.5,338.1499938964844,327.492919921875,75308,PONNIERODE,,,Ponni Sugars (Erode) Limited
2022-12-14,339.3500061035156,345.95001220703125,332.25,340.6000061035156,329.86572265625,47706,PONNIERODE,,,Ponni Sugars (Erode) Limited
2022-12-15,340.0,359.0,335.1000061035156,351.3500061035156,340.2769470214844,123474,PONNIERODE,,,Ponni Sugars (Erode) Limited
2022-12-16,346.1499938964844,408.7999877929688,342.25,385.3999938964844,373.2538146972656,933743,PONNIERODE,,,Ponni Sugars (Erode) Limited
2022-12-19,408.9500122070313,455.0,405.0,437.0499877929688,423.2760009765625,1644145,PONNIERODE,,,Ponni Sugars (Erode) Limited
2022-12-20,440.0,453.7000122070313,402.8500061035156,411.6000061035156,398.6281127929688,595510,PONNIERODE,,,Ponni Sugars (Erode) Limited
2022-12-21,423.0,435.7999877929688,359.0,388.75,376.4982299804688,306152,PONNIERODE,,,Ponni Sugars (Erode) Limited
2022-12-22,391.0,398.3999938964844,372.75,381.4500122070313,369.4283142089844,142914,PONNIERODE,,,Ponni Sugars (Erode) Limited
2022-12-23,375.0,388.8500061035156,345.5,348.3999938964844,337.4198913574219,147019,PONNIERODE,,,Ponni Sugars (Erode) Limited
2022-12-26,358.5,392.0,350.3999938964844,380.2999877929688,368.31451416015625,159106,PONNIERODE,,,Ponni Sugars (Erode) Limited
2022-12-27,400.0,447.0,390.0499877929688,441.3999938964844,427.4889221191406,470320,PONNIERODE,,,Ponni Sugars (Erode) Limited
2022-12-28,441.0,443.8999938964844,422.3500061035156,430.4500122070313,416.8840637207031,206336,PONNIERODE,,,Ponni Sugars (Erode) Limited
2022-12-29,427.7999877929688,479.7999877929688,421.0,471.5,456.6403198242188,972637,PONNIERODE,,,Ponni Sugars (Erode) Limited
2022-12-30,477.0,514.0,474.3999938964844,486.2000122070313,470.8770446777344,831763,PONNIERODE,,,Ponni Sugars (Erode) Limited
2023-01-02,489.2999877929688,513.3499755859375,486.2000122070313,506.1499938964844,490.1982727050781,585349,PONNIERODE,,,Ponni Sugars (Erode) Limited
2023-01-03,508.5499877929688,509.8999938964844,470.0,490.6000061035156,475.1383666992188,292617,PONNIERODE,,,Ponni Sugars (Erode) Limited
2023-01-04,494.3999938964844,499.7999877929688,480.0,486.7000122070313,471.3612976074219,150146,PONNIERODE,,,Ponni Sugars (Erode) Limited
2023-01-05,490.4500122070313,495.3999938964844,470.0,480.0,464.8724060058594,128091,PONNIERODE,,,Ponni Sugars (Erode) Limited
2023-01-06,480.0,489.9500122070313,467.0,469.6000061035156,454.8002014160156,97986,PONNIERODE,,,Ponni Sugars (Erode) Limited
2023-01-09,476.0,495.5,472.1000061035156,491.6000061035156,476.1068420410156,145082,PONNIERODE,,,Ponni Sugars (Erode) Limited
2023-01-10,493.7000122070313,493.7000122070313,475.0,484.1000061035156,468.8432312011719,60498,PONNIERODE,,,Ponni Sugars (Erode) Limited
2023-01-11,481.0,554.7999877929688,479.0,528.9000244140625,512.2313232421875,713200,PONNIERODE,,,Ponni Sugars (Erode) Limited
2023-01-12,537.9500122070312,555.5,515.0,546.2000122070312,528.986083984375,278055,PONNIERODE,,,Ponni Sugars (Erode) Limited
2023-01-13,554.0,581.0,554.0,576.6500244140625,558.4764404296875,524941,PONNIERODE,,,Ponni Sugars (Erode) Limited
2023-01-16,573.0,573.0,525.0,533.4000244140625,516.5895385742188,270269,PONNIERODE,,,Ponni Sugars (Erode) Limited
2023-01-17,534.0499877929688,571.9000244140625,507.3500061035156,563.5499877929688,545.7892456054688,294946,PONNIERODE,,,Ponni Sugars (Erode) Limited
2023-01-18,558.0,574.0,535.0499877929688,539.0499877929688,522.0614013671875,197450,PONNIERODE,,,Ponni Sugars (Erode) Limited
2023-01-19,537.0,560.0,528.5499877929688,537.25,520.318115234375,121722,PONNIERODE,,,Ponni Sugars (Erode) Limited
2023-01-20,540.75,546.9500122070312,527.0499877929688,531.5999755859375,514.8461303710938,68161,PONNIERODE,,,Ponni Sugars (Erode) Limited
2023-01-23,524.0,530.0,482.0,487.9500122070313,472.5718994140625,243264,PONNIERODE,,,Ponni Sugars (Erode) Limited
2023-01-24,489.8999938964844,508.0,463.75,480.75,465.5987854003906,159472,PONNIERODE,,,Ponni Sugars (Erode) Limited
2023-01-25,480.25,507.7000122070313,475.3999938964844,491.0,475.5257568359375,161738,PONNIERODE,,,Ponni Sugars (Erode) Limited
2023-01-27,493.2999877929688,502.7999877929688,441.8999938964844,466.75,452.0400085449219,209094,PONNIERODE,,,Ponni Sugars (Erode) Limited
2023-01-30,452.3500061035156,474.1000061035156,427.75,437.8999938964844,424.0992126464844,108076,PONNIERODE,,,Ponni Sugars (Erode) Limited
2023-01-31,441.0499877929688,468.9500122070313,441.0499877929688,457.25,442.8394165039063,95132,PONNIERODE,,,Ponni Sugars (Erode) Limited
2023-02-01,462.8999938964844,467.9500122070313,427.0,430.75,417.174560546875,79850,PONNIERODE,,,Ponni Sugars (Erode) Limited
2023-02-02,433.5,458.0,429.75,440.7000122070313,426.8110046386719,71842,PONNIERODE,,,Ponni Sugars (Erode) Limited
2023-02-03,447.7999877929688,453.8500061035156,418.1000061035156,444.8999938964844,430.8786010742188,75153,PONNIERODE,,,Ponni Sugars (Erode) Limited
2023-02-06,446.0,472.2999877929688,444.0,462.0499877929688,447.4880981445313,73788,PONNIERODE,,,Ponni Sugars (Erode) Limited
2023-02-07,462.2000122070313,487.7000122070313,462.0499877929688,478.25,463.1775817871094,99041,PONNIERODE,,,Ponni Sugars (Erode) Limited
2023-02-08,482.2000122070313,486.0499877929688,455.0499877929688,460.7999877929688,446.2774963378906,56635,PONNIERODE,,,Ponni Sugars (Erode) Limited
2023-02-09,460.0,460.0,449.0,453.2999877929688,439.0138549804688,29146,PONNIERODE,,,Ponni Sugars (Erode) Limited
2023-02-10,453.2999877929688,472.3999938964844,446.5499877929688,465.6499938964844,450.97467041015625,56550,PONNIERODE,,,Ponni Sugars (Erode) Limited
2023-02-13,467.0,469.0,448.1000061035156,452.1000061035156,437.8517150878906,26716,PONNIERODE,,,Ponni Sugars (Erode) Limited
2023-02-14,445.1000061035156,474.3999938964844,436.1499938964844,456.0,441.6288146972656,34036,PONNIERODE,,,Ponni Sugars (Erode) Limited
2023-02-15,462.0,462.9500122070313,451.8999938964844,456.8999938964844,442.50042724609375,21374,PONNIERODE,,,Ponni Sugars (Erode) Limited
2023-02-16,460.0,488.75,460.0,483.5499877929688,468.3105163574219,72180,PONNIERODE,,,Ponni Sugars (Erode) Limited
2023-02-17,482.0,503.0,475.2000122070313,496.1000061035156,480.4650268554688,72300,PONNIERODE,,,Ponni Sugars (Erode) Limited
2023-02-20,497.7000122070313,503.0,485.0,492.75,477.2205810546875,39780,PONNIERODE,,,Ponni Sugars (Erode) Limited
2023-02-21,497.7000122070313,497.7000122070313,479.5,481.5,466.32513427734375,22144,PONNIERODE,,,Ponni Sugars (Erode) Limited
2023-02-22,477.0,481.25,441.2999877929688,450.9500122070313,436.7379760742188,51033,PONNIERODE,,,Ponni Sugars (Erode) Limited
2023-02-23,454.8999938964844,465.7000122070313,447.0,455.9500122070313,441.5804138183594,28686,PONNIERODE,,,Ponni Sugars (Erode) Limited
2023-02-24,458.0,470.0,449.75,453.1499938964844,438.8686218261719,24696,PONNIERODE,,,Ponni Sugars (Erode) Limited
2023-02-27,453.1499938964844,457.25,425.0,427.75,414.2691345214844,38003,PONNIERODE,,,Ponni Sugars (Erode) Limited
2023-02-28,443.4500122070313,444.6499938964844,425.1499938964844,432.9500122070313,419.3052673339844,33800,PONNIERODE,,,Ponni Sugars (Erode) Limited
2023-03-01,427.1000061035156,441.9500122070313,427.1000061035156,434.1499938964844,420.4674072265625,26527,PONNIERODE,,,Ponni Sugars (Erode) Limited
2023-03-02,434.0,440.4500122070313,425.0499877929688,433.0,419.3536682128906,18206,PONNIERODE,,,Ponni Sugars (Erode) Limited
2023-03-03,436.8999938964844,436.8999938964844,426.2000122070313,428.1499938964844,414.656494140625,31402,PONNIERODE,,,Ponni Sugars (Erode) Limited
2023-03-06,430.0,437.8999938964844,428.1000061035156,431.1499938964844,417.56195068359375,32492,PONNIERODE,,,Ponni Sugars (Erode) Limited
2023-03-08,425.4500122070313,468.8999938964844,425.4500122070313,452.8999938964844,438.6264953613281,142681,PONNIERODE,,,Ponni Sugars (Erode) Limited
2023-03-09,458.0499877929688,459.0,440.1000061035156,442.8500061035156,428.8932495117188,33419,PONNIERODE,,,Ponni Sugars (Erode) Limited
2023-03-10,440.0,454.8500061035156,418.2999877929688,438.5499877929688,424.7287292480469,52386,PONNIERODE,,,Ponni Sugars (Erode) Limited
2023-03-13,432.2000122070313,443.8999938964844,415.0,417.2999877929688,404.1484375,28264,PONNIERODE,,,Ponni Sugars (Erode) Limited
2023-03-14,420.0,429.75,412.2000122070313,415.5,402.4051818847656,17447,PONNIERODE,,,Ponni Sugars (Erode) Limited
2023-03-15,420.9500122070313,423.9500122070313,396.3500061035156,400.1000061035156,387.4905395507813,19527,PONNIERODE,,,Ponni Sugars (Erode) Limited
2023-03-16,404.7999877929688,408.4500122070313,380.3999938964844,399.1499938964844,386.5704650878906,46180,PONNIERODE,,,Ponni Sugars (Erode) Limited
2023-03-17,402.4500122070313,405.8999938964844,388.5499877929688,398.3500061035156,385.7956848144531,27490,PONNIERODE,,,Ponni Sugars (Erode) Limited
2023-03-20,392.0499877929688,397.7999877929688,385.1000061035156,388.5499877929688,376.3045043945313,15541,PONNIERODE,,,Ponni Sugars (Erode) Limited
2023-03-21,396.25,410.9500122070313,392.1000061035156,399.6000061035156,387.0063171386719,40249,PONNIERODE,,,Ponni Sugars (Erode) Limited
2023-03-22,402.0,409.0,395.0,400.2999877929688,387.6842041015625,22582,PONNIERODE,,,Ponni Sugars (Erode) Limited
2023-03-23,401.3999938964844,413.0,397.0,401.0499877929688,388.41058349609375,37111,PONNIERODE,,,Ponni Sugars (Erode) Limited
2023-03-24,397.0499877929688,403.4500122070313,390.0,392.0499877929688,379.6942138671875,10112,PONNIERODE,,,Ponni Sugars (Erode) Limited
2023-03-27,390.5,392.8999938964844,369.2999877929688,373.1000061035156,361.3414611816406,18720,PONNIERODE,,,Ponni Sugars (Erode) Limited
2023-03-28,373.0,377.4500122070313,361.6000061035156,368.8999938964844,357.2738037109375,18891,PONNIERODE,,,Ponni Sugars (Erode) Limited
2023-03-29,371.5,392.2999877929688,371.5,380.2999877929688,368.31451416015625,46014,PONNIERODE,,,Ponni Sugars (Erode) Limited
2023-03-31,390.0,409.0499877929688,390.0,395.7999877929688,383.3260192871094,42706,PONNIERODE,,,Ponni Sugars (Erode) Limited
2023-04-03,403.0,419.1499938964844,399.9500122070313,408.7999877929688,395.9163208007813,34222,PONNIERODE,,,Ponni Sugars (Erode) Limited
2023-04-05,415.8999938964844,449.6499938964844,412.0499877929688,449.6499938964844,435.4789123535156,63859,PONNIERODE,,,Ponni Sugars (Erode) Limited
2023-04-06,460.0,474.9500122070313,450.1000061035156,457.1499938964844,442.7425537109375,128139,PONNIERODE,,,Ponni Sugars (Erode) Limited
2023-04-10,469.0,483.4500122070313,464.0,469.6499938964844,454.8486022949219,44426,PONNIERODE,,,Ponni Sugars (Erode) Limited
2023-04-11,471.0,479.3999938964844,463.1000061035156,471.1499938964844,456.3013305664063,43142,PONNIERODE,,,Ponni Sugars (Erode) Limited
2023-04-12,476.0,505.7999877929688,474.1499938964844,493.6000061035156,478.0438232421875,157551,PONNIERODE,,,Ponni Sugars (Erode) Limited
2023-04-13,492.6000061035156,495.0,466.1000061035156,469.3500061035156,454.5580749511719,65343,PONNIERODE,,,Ponni Sugars (Erode) Limited
2023-04-17,469.3500061035156,490.4500122070313,464.0499877929688,479.7000122070313,464.5819091796875,62829,PONNIERODE,,,Ponni Sugars (Erode) Limited
2023-04-18,480.0,494.5,478.0,485.3500061035156,470.0538330078125,48580,PONNIERODE,,,Ponni Sugars (Erode) Limited
2023-04-19,488.0,501.0,482.0,493.0499877929688,477.5111083984375,73189,PONNIERODE,,,Ponni Sugars (Erode) Limited
2023-04-20,496.8999938964844,515.2000122070312,481.1499938964844,485.3500061035156,470.0538330078125,140066,PONNIERODE,,,Ponni Sugars (Erode) Limited
2023-04-21,491.9500122070313,496.4500122070313,476.4500122070313,479.2000122070313,464.09765625,35855,PONNIERODE,,,Ponni Sugars (Erode) Limited
2023-04-24,480.2999877929688,484.0,475.0,477.6499938964844,462.5964660644531,26313,PONNIERODE,,,Ponni Sugars (Erode) Limited
2023-04-25,480.8999938964844,502.7000122070313,480.1499938964844,483.7999877929688,468.5526428222656,99919,PONNIERODE,,,Ponni Sugars (Erode) Limited
2023-04-26,485.9500122070313,488.8999938964844,481.3999938964844,483.5,468.2621154785156,24955,PONNIERODE,,,Ponni Sugars (Erode) Limited
2023-04-27,484.0,485.7000122070313,476.3500061035156,478.4500122070313,463.3713073730469,31684,PONNIERODE,,,Ponni Sugars (Erode) Limited
2023-04-28,483.0,497.3999938964844,465.0,470.1499938964844,455.3328247070313,81399,PONNIERODE,,,Ponni Sugars (Erode) Limited
2023-05-02,465.0,465.0,435.0,438.3999938964844,424.5834655761719,122794,PONNIERODE,,,Ponni Sugars (Erode) Limited
2023-05-03,438.0,455.0,428.0499877929688,444.3500061035156,430.3459777832031,71432,PONNIERODE,,,Ponni Sugars (Erode) Limited
2023-05-04,440.3999938964844,459.1000061035156,440.3999938964844,452.8500061035156,438.5780944824219,79914,PONNIERODE,,,Ponni Sugars (Erode) Limited
2023-05-05,452.75,457.7000122070313,435.0499877929688,442.1000061035156,428.1668701171875,28059,PONNIERODE,,,Ponni Sugars (Erode) Limited
2023-05-08,445.3500061035156,455.0,440.0,443.2000122070313,429.2322387695313,40413,PONNIERODE,,,Ponni Sugars (Erode) Limited
2023-05-09,444.2000122070313,448.0,435.0,441.0,427.1015319824219,28845,PONNIERODE,,,Ponni Sugars (Erode) Limited
2023-05-10,440.25,444.2000122070313,428.5499877929688,430.9500122070313,417.3682861328125,38657,PONNIERODE,,,Ponni Sugars (Erode) Limited
2023-05-11,432.2000122070313,439.8999938964844,430.1000061035156,431.75,418.14306640625,24484,PONNIERODE,,,Ponni Sugars (Erode) Limited
2023-05-12,431.75,432.3500061035156,418.6000061035156,420.9500122070313,407.6834411621094,44338,PONNIERODE,,,Ponni Sugars (Erode) Limited
2023-05-15,423.8999938964844,423.8999938964844,398.0,406.6499938964844,393.8341064453125,67914,PONNIERODE,,,Ponni Sugars (Erode) Limited
2023-05-16,410.0,413.0,395.8999938964844,398.2000122070313,385.65045166015625,60578,PONNIERODE,,,Ponni Sugars (Erode) Limited
2023-05-17,401.8999938964844,414.0,393.0,394.8500061035156,382.406005859375,64047,PONNIERODE,,,Ponni Sugars (Erode) Limited
2023-05-18,397.7999877929688,402.7999877929688,384.7000122070313,386.2000122070313,374.0286254882813,61757,PONNIERODE,,,Ponni Sugars (Erode) Limited
2023-05-19,388.7999877929688,409.0,382.7999877929688,398.8999938964844,386.3283386230469,95011,PONNIERODE,,,Ponni Sugars (Erode) Limited
2023-05-22,402.1000061035156,403.0,387.0,389.75,377.46673583984375,38337,PONNIERODE,,,Ponni Sugars (Erode) Limited
2023-05-23,392.5,392.9500122070313,382.5499877929688,385.0499877929688,372.9148254394531,28563,PONNIERODE,,,Ponni Sugars (Erode) Limited
2023-05-24,385.0,391.3500061035156,381.25,383.75,371.6558227539063,25214,PONNIERODE,,,Ponni Sugars (Erode) Limited
2023-05-25,385.1000061035156,386.3999938964844,372.5499877929688,380.0499877929688,368.0723876953125,30125,PONNIERODE,,,Ponni Sugars (Erode) Limited
2023-05-26,383.0,395.0,380.25,393.0,380.6142883300781,62748,PONNIERODE,,,Ponni Sugars (Erode) Limited
2023-05-29,395.9500122070313,405.3999938964844,385.0,403.0,390.2991333007813,83854,PONNIERODE,,,Ponni Sugars (Erode) Limited
2023-05-30,403.0,403.0,393.0,396.8999938964844,384.391357421875,37878,PONNIERODE,,,Ponni Sugars (Erode) Limited
2023-05-31,396.0,396.8999938964844,383.5,387.7999877929688,375.5781555175781,41272,PONNIERODE,,,Ponni Sugars (Erode) Limited
2023-06-01,389.8999938964844,398.7999877929688,388.0,389.75,377.46673583984375,36891,PONNIERODE,,,Ponni Sugars (Erode) Limited
2023-06-02,389.75,396.4500122070313,389.75,392.1000061035156,379.74267578125,21791,PONNIERODE,,,Ponni Sugars (Erode) Limited
2023-06-05,395.25,403.4500122070313,389.2000122070313,393.25,380.8564147949219,50244,PONNIERODE,,,Ponni Sugars (Erode) Limited
2023-06-06,394.9500122070313,399.7999877929688,389.7999877929688,390.8999938964844,378.5804748535156,43254,PONNIERODE,,,Ponni Sugars (Erode) Limited
2023-06-07,396.0,409.5499877929688,393.0,402.6499938964844,389.9601440429688,166527,PONNIERODE,,,Ponni Sugars (Erode) Limited
2023-06-08,397.25,402.0,387.75,391.4500122070313,385.3336181640625,79430,PONNIERODE,,,Ponni Sugars (Erode) Limited
2023-06-09,394.6000061035156,404.7000122070313,390.6499938964844,400.25,393.99609375,367662,PONNIERODE,,,Ponni Sugars (Erode) Limited
2023-06-12,403.3999938964844,406.0,391.2999877929688,393.2000122070313,387.0562744140625,73154,PONNIERODE,,,Ponni Sugars (Erode) Limited
2023-06-13,396.0,397.3500061035156,388.3999938964844,389.1499938964844,383.0695190429688,49855,PONNIERODE,,,Ponni Sugars (Erode) Limited
2023-06-14,391.8500061035156,396.0,385.0499877929688,388.8999938964844,382.8234252929688,50523,PONNIERODE,,,Ponni Sugars (Erode) Limited
2023-06-15,388.4500122070313,390.2999877929688,380.0,382.3999938964844,376.4249877929688,49510,PONNIERODE,,,Ponni Sugars (Erode) Limited
2023-06-16,385.0,391.0,382.0,382.3999938964844,376.4249877929688,74397,PONNIERODE,,,Ponni Sugars (Erode) Limited
2023-06-19,387.1000061035156,390.5,378.2000122070313,380.5,374.5546875,36603,PONNIERODE,,,Ponni Sugars (Erode) Limited
2023-06-20,381.8999938964844,390.8999938964844,376.5,388.3500061035156,382.2820434570313,50780,PONNIERODE,,,Ponni Sugars (Erode) Limited
2023-06-21,389.7999877929688,394.3999938964844,384.4500122070313,387.1499938964844,381.1007690429688,33422,PONNIERODE,,,Ponni Sugars (Erode) Limited
2023-06-22,385.0,409.7999877929688,385.0,394.5,388.3359375,312879,PONNIERODE,,,Ponni Sugars (Erode) Limited
2023-06-23,397.3500061035156,399.8999938964844,386.0,388.6000061035156,382.5281372070313,62639,PONNIERODE,,,Ponni Sugars (Erode) Limited
2023-06-26,390.0,397.5499877929688,384.1000061035156,386.2000122070313,380.1656494140625,39643,PONNIERODE,,,Ponni Sugars (Erode) Limited
2023-06-27,386.2000122070313,391.8999938964844,386.1000061035156,386.7999877929688,380.7562255859375,14500,PONNIERODE,,,Ponni Sugars (Erode) Limited
2023-06-28,389.7999877929688,389.7999877929688,377.5499877929688,381.2000122070313,375.2437744140625,41330,PONNIERODE,,,Ponni Sugars (Erode) Limited
2023-06-30,383.8999938964844,390.0,381.2000122070313,383.1000061035156,377.1140747070313,43371,PONNIERODE,,,Ponni Sugars (Erode) Limited
2023-07-03,383.1000061035156,384.7000122070313,379.0,380.1000061035156,374.1609497070313,36447,PONNIERODE,,,Ponni Sugars (Erode) Limited
2023-07-04,380.75,383.0,375.5,378.75,372.83203125,32602,PONNIERODE,,,Ponni Sugars (Erode) Limited
2023-07-05,380.0,384.1499938964844,376.7999877929688,378.8999938964844,372.9796752929688,26524,PONNIERODE,,,Ponni Sugars (Erode) Limited
2023-07-06,380.0,384.9500122070313,378.1499938964844,379.7000122070313,373.7672119140625,31600,PONNIERODE,,,Ponni Sugars (Erode) Limited
2023-07-07,379.0499877929688,388.0499877929688,379.0499877929688,381.7000122070313,375.7359619140625,43484,PONNIERODE,,,Ponni Sugars (Erode) Limited
2023-07-10,383.8999938964844,386.5,379.2000122070313,380.0,374.0625,24704,PONNIERODE,,,Ponni Sugars (Erode) Limited
2023-07-11,377.3999938964844,381.3999938964844,375.25,378.4500122070313,372.5367431640625,35811,PONNIERODE,,,Ponni Sugars (Erode) Limited
2023-07-12,380.0,390.25,377.7999877929688,379.1499938964844,373.2257690429688,78257,PONNIERODE,,,Ponni Sugars (Erode) Limited
2023-07-13,382.0,382.1499938964844,375.2999877929688,379.1000061035156,373.1765747070313,25678,PONNIERODE,,,Ponni Sugars (Erode) Limited
2023-07-14,381.8999938964844,386.7999877929688,377.5,381.6000061035156,375.6375122070313,35993,PONNIERODE,,,Ponni Sugars (Erode) Limited
2023-07-17,384.5,387.1000061035156,380.2000122070313,381.5,375.5390625,38581,PONNIERODE,,,Ponni Sugars (Erode) Limited
2023-07-18,380.0,384.2999877929688,379.0,381.3500061035156,375.3914184570313,21515,PONNIERODE,,,Ponni Sugars (Erode) Limited
2023-07-19,381.3500061035156,384.3999938964844,378.0,381.3500061035156,375.3914184570313,16721,PONNIERODE,,,Ponni Sugars (Erode) Limited
2023-07-20,384.0,403.0,383.0499877929688,389.7999877929688,383.7093505859375,254142,PONNIERODE,,,Ponni Sugars (Erode) Limited
2023-07-21,389.8500061035156,427.9500122070313,386.5,413.4500122070313,406.9898681640625,618549,PONNIERODE,,,Ponni Sugars (Erode) Limited
2023-07-24,413.25,431.6000061035156,406.0,410.4500122070313,404.0367431640625,343791,PONNIERODE,,,Ponni Sugars (Erode) Limited
2023-07-25,413.5,415.4500122070313,397.3500061035156,401.6499938964844,395.3742065429688,117244,PONNIERODE,,,Ponni Sugars (Erode) Limited
2023-07-26,402.0,406.6499938964844,398.0499877929688,400.8500061035156,394.5867309570313,52842,PONNIERODE,,,Ponni Sugars (Erode) Limited
2023-07-27,416.0,416.0,399.0,403.4500122070313,397.1461181640625,69378,PONNIERODE,,,Ponni Sugars (Erode) Limited
2023-07-28,405.3999938964844,406.7000122070313,393.0,395.3999938964844,389.2218627929688,42029,PONNIERODE,,,Ponni Sugars (Erode) Limited
2023-07-31,397.7999877929688,405.75,393.7999877929688,398.0499877929688,391.8304443359375,48343,PONNIERODE,,,Ponni Sugars (Erode) Limited
2023-08-01,400.7999877929688,402.0,394.0499877929688,397.0,390.796875,34598,PONNIERODE,,,Ponni Sugars (Erode) Limited
2023-08-02,398.8999938964844,404.4500122070313,386.6000061035156,391.8500061035156,385.7273559570313,49450,PONNIERODE,,,Ponni Sugars (Erode) Limited
2023-08-03,393.8500061035156,403.4500122070313,387.2000122070313,395.6000061035156,389.4187622070313,47864,PONNIERODE,,,Ponni Sugars (Erode) Limited
2023-08-04,395.7000122070313,404.2999877929688,395.7000122070313,398.75,392.51953125,35682,PONNIERODE,,,Ponni Sugars (Erode) Limited
2023-08-07,401.7999877929688,416.2000122070313,398.2000122070313,409.5499877929688,403.1507568359375,127370,PONNIERODE,,,Ponni Sugars (Erode) Limited
2023-08-08,413.5,414.9500122070313,401.9500122070313,402.8999938964844,396.6046752929688,34653,PONNIERODE,,,Ponni Sugars (Erode) Limited
2023-08-09,405.3999938964844,408.6000061035156,397.0499877929688,402.75,396.45703125,31412,PONNIERODE,,,Ponni Sugars (Erode) Limited
2023-08-10,405.4500122070313,409.7999877929688,400.0,401.3999938964844,395.1281127929688,24608,PONNIERODE,,,Ponni Sugars (Erode) Limited
2023-08-11,404.2000122070313,404.2000122070313,392.0,393.8999938964844,387.7453002929688,24581,PONNIERODE,,,Ponni Sugars (Erode) Limited
2023-08-14,397.8999938964844,397.9500122070313,386.0499877929688,392.7000122070313,386.5640869140625,20209,PONNIERODE,,,Ponni Sugars (Erode) Limited
2023-08-16,392.7000122070313,398.9500122070313,387.5499877929688,396.75,390.55078125,26218,PONNIERODE,,,Ponni Sugars (Erode) Limited
2023-08-17,398.3500061035156,408.7000122070313,393.0499877929688,399.7000122070313,393.4547119140625,49755,PONNIERODE,,,Ponni Sugars (Erode) Limited
2023-08-18,400.0,407.5,389.0499877929688,390.7999877929688,384.6937255859375,41540,PONNIERODE,,,Ponni Sugars (Erode) Limited
2023-08-21,393.7999877929688,397.6000061035156,388.9500122070313,392.75,386.61328125,24608,PONNIERODE,,,Ponni Sugars (Erode) Limited
2023-08-22,396.25,404.0,392.25,394.0,387.84375,20086,PONNIERODE,,,Ponni Sugars (Erode) Limited
2023-08-23,396.0,401.9500122070313,393.0,395.3999938964844,389.2218627929688,21696,PONNIERODE,,,Ponni Sugars (Erode) Limited
2023-08-24,398.0,415.3999938964844,396.0,405.5,399.1640625,147235,PONNIERODE,,,Ponni Sugars (Erode) Limited
2023-08-25,406.1000061035156,414.0,398.0,400.1499938964844,393.8976440429688,70261,PONNIERODE,,,Ponni Sugars (Erode) Limited
2023-08-28,403.1499938964844,409.1000061035156,400.0,402.2999877929688,396.0140380859375,39493,PONNIERODE,,,Ponni Sugars (Erode) Limited
2023-08-29,404.7999877929688,412.3999938964844,400.5499877929688,402.6000061035156,396.3093872070313,45984,PONNIERODE,,,Ponni Sugars (Erode) Limited
2023-08-30,405.8999938964844,413.3999938964844,402.7999877929688,406.5,400.1484375,70331,PONNIERODE,,,Ponni Sugars (Erode) Limited
2023-08-31,408.8999938964844,411.5499877929688,394.0499877929688,397.3500061035156,391.1414184570313,53196,PONNIERODE,,,Ponni Sugars (Erode) Limited
2023-09-01,400.2999877929688,404.9500122070313,397.1000061035156,398.7999877929688,392.5687255859375,46372,PONNIERODE,,,Ponni Sugars (Erode) Limited
2023-09-04,401.4500122070313,470.6000061035156,401.4500122070313,424.0,417.375,475117,PONNIERODE,,,Ponni Sugars (Erode) Limited
2023-09-05,429.0,434.0,411.5,419.1000061035156,412.5515747070313,103337,PONNIERODE,,,Ponni Sugars (Erode) Limited
2023-09-06,422.7999877929688,441.0499877929688,420.0,427.3999938964844,420.7218627929688,300764,PONNIERODE,,,Ponni Sugars (Erode) Limited
2023-09-07,429.9500122070313,434.75,427.0499877929688,431.8999938964844,425.1515502929688,77627,PONNIERODE,,,Ponni Sugars (Erode) Limited
2023-09-08,436.2000122070313,438.5,426.7999877929688,429.1000061035156,422.3953247070313,64307,PONNIERODE,,,Ponni Sugars (Erode) Limited
2023-09-11,433.0,444.3999938964844,433.0,434.1499938964844,427.3663940429688,101928,PONNIERODE,,,Ponni Sugars (Erode) Limited
2023-09-12,436.0,436.0,401.7999877929688,404.6499938964844,398.3273315429688,110725,PONNIERODE,,,Ponni Sugars (Erode) Limited
2023-09-13,408.2000122070313,421.6499938964844,402.8500061035156,416.7999877929688,410.2874755859375,60091,PONNIERODE,,,Ponni Sugars (Erode) Limited
2023-09-14,421.0,454.5,420.8500061035156,435.3999938964844,428.5968627929688,328169,PONNIERODE,,,Ponni Sugars (Erode) Limited
2023-09-15,444.0,445.1499938964844,428.5499877929688,431.7999877929688,425.0531005859375,91791,PONNIERODE,,,Ponni Sugars (Erode) Limited
2023-09-18,437.0,439.75,428.2000122070313,429.8500061035156,423.1336059570313,49978,PONNIERODE,,,Ponni Sugars (Erode) Limited
2023-09-20,432.0,438.9500122070313,423.75,425.5499877929688,418.9007568359375,50151,PONNIERODE,,,Ponni Sugars (Erode) Limited
2023-09-21,426.0,430.5,417.9500122070313,419.25,412.69921875,39783,PONNIERODE,,,Ponni Sugars (Erode) Limited
2023-09-22,414.0,424.7000122070313,410.7999877929688,418.1000061035156,411.5671997070313,39127,PONNIERODE,,,Ponni Sugars (Erode) Limited
2023-09-25,421.4500122070313,443.0,416.9500122070313,435.2000122070313,428.4000244140625,126428,PONNIERODE,,,Ponni Sugars (Erode) Limited
2023-09-26,435.7999877929688,439.9500122070313,425.2000122070313,429.1000061035156,422.3953247070313,28263,PONNIERODE,,,Ponni Sugars (Erode) Limited
2023-09-27,434.2000122070313,434.2000122070313,422.6499938964844,431.5499877929688,424.8070068359375,36292,PONNIERODE,,,Ponni Sugars (Erode) Limited
2023-09-28,432.2999877929688,449.0,429.0,432.1000061035156,425.3484497070313,90466,PONNIERODE,,,Ponni Sugars (Erode) Limited
2023-09-29,434.0,435.75,427.0,429.7000122070313,422.9859619140625,28227,PONNIERODE,,,Ponni Sugars (Erode) Limited
2023-10-03,427.1499938964844,432.4500122070313,420.0,421.6000061035156,415.0125122070313,33514,PONNIERODE,,,Ponni Sugars (Erode) Limited
2023-10-04,421.6000061035156,432.4500122070313,415.5499877929688,420.1000061035156,413.5359497070313,50677,PONNIERODE,,,Ponni Sugars (Erode) Limited
2023-10-05,424.1499938964844,428.4500122070313,420.7999877929688,423.1499938964844,416.5382690429688,24587,PONNIERODE,,,Ponni Sugars (Erode) Limited
2023-10-06,425.7000122070313,429.0,421.1000061035156,422.2999877929688,415.7015380859375,16988,PONNIERODE,,,Ponni Sugars (Erode) Limited
2023-10-09,414.0,422.2999877929688,404.2999877929688,407.7000122070313,401.3297119140625,36479,PONNIERODE,,,Ponni Sugars (Erode) Limited
2023-10-10,410.3500061035156,414.0,407.0,410.5499877929688,404.1351318359375,15955,PONNIERODE,,,Ponni Sugars (Erode) Limited
2023-10-11,413.6000061035156,420.0,413.0499877929688,418.2999877929688,411.7640380859375,16052,PONNIERODE,,,Ponni Sugars (Erode) Limited
2023-10-12,418.6000061035156,425.2999877929688,415.0,420.8500061035156,414.2742309570313,16091,PONNIERODE,,,Ponni Sugars (Erode) Limited
2023-10-13,423.9500122070313,423.9500122070313,416.5499877929688,419.2999877929688,412.7484130859375,11603,PONNIERODE,,,Ponni Sugars (Erode) Limited
2023-10-16,419.2999877929688,427.1000061035156,414.0,416.5499877929688,410.0413818359375,43715,PONNIERODE,,,Ponni Sugars (Erode) Limited
2023-10-17,422.1000061035156,423.0,410.5499877929688,412.25,405.80859375,27257,PONNIERODE,,,Ponni Sugars (Erode) Limited
2023-10-18,416.6499938964844,435.0,410.0499877929688,414.4500122070313,407.9742431640625,102213,PONNIERODE,,,Ponni Sugars (Erode) Limited
2023-10-19,416.1000061035156,419.5,403.2999877929688,411.2000122070313,404.7750244140625,28613,PONNIERODE,,,Ponni Sugars (Erode) Limited
2023-10-20,411.5,415.3500061035156,401.0499877929688,402.6000061035156,396.3093872070313,25370,PONNIERODE,,,Ponni Sugars (Erode) Limited
2023-10-23,404.0,405.7000122070313,385.8999938964844,390.75,384.64453125,47712,PONNIERODE,,,Ponni Sugars (Erode) Limited
2023-10-25,390.75,403.0,385.0,387.25,381.19921875,35624,PONNIERODE,,,Ponni Sugars (Erode) Limited
2023-10-26,387.1499938964844,393.0,376.5499877929688,387.1000061035156,381.0515747070313,28403,PONNIERODE,,,Ponni Sugars (Erode) Limited
2023-10-27,391.2000122070313,425.5,389.0499877929688,415.0499877929688,408.5648193359375,184058,PONNIERODE,,,Ponni Sugars (Erode) Limited
2023-10-30,418.3500061035156,424.0,412.3500061035156,417.1499938964844,410.6320190429688,73829,PONNIERODE,,,Ponni Sugars (Erode) Limited
2023-10-31,417.1499938964844,422.3500061035156,411.3999938964844,413.6000061035156,407.1375122070313,20026,PONNIERODE,,,Ponni Sugars (Erode) Limited
2023-11-01,415.2000122070313,423.9500122070313,412.0,415.6000061035156,409.1062622070313,33291,PONNIERODE,,,Ponni Sugars (Erode) Limited
2023-11-02,420.0,420.0,413.1499938964844,416.7000122070313,410.1890869140625,23102,PONNIERODE,,,Ponni Sugars (Erode) Limited
2023-11-03,421.8999938964844,424.8500061035156,405.1000061035156,414.3999938964844,407.9249877929688,62599,PONNIERODE,,,Ponni Sugars (Erode) Limited
2023-11-06,435.0,465.2000122070313,435.0,455.5,448.3828125,627305,PONNIERODE,,,Ponni Sugars (Erode) Limited
2023-11-07,457.0,464.0,446.0,448.1000061035156,441.0984497070313,108779,PONNIERODE,,,Ponni Sugars (Erode) Limited
2023-11-08,452.6000061035156,457.9500122070313,436.25,439.25,432.38671875,59320,PONNIERODE,,,Ponni Sugars (Erode) Limited
2023-11-09,443.9500122070313,447.0499877929688,426.3999938964844,430.8999938964844,424.1671752929688,52176,PONNIERODE,,,Ponni Sugars (Erode) Limited
2023-11-10,430.8999938964844,434.75,426.8999938964844,432.75,425.98828125,30181,PONNIERODE,,,Ponni Sugars (Erode) Limited
2023-11-13,431.5,434.6000061035156,420.9500122070313,422.7000122070313,416.0953369140625,48446,PONNIERODE,,,Ponni Sugars (Erode) Limited
2023-11-15,429.0,431.5499877929688,421.2000122070313,428.2000122070313,421.5093994140625,37944,PONNIERODE,,,Ponni Sugars (Erode) Limited
2023-11-16,427.8999938964844,429.7999877929688,422.0,423.3999938964844,416.7843627929688,25784,PONNIERODE,,,Ponni Sugars (Erode) Limited
2023-11-17,427.0,427.0,420.1000061035156,421.6000061035156,415.0125122070313,18899,PONNIERODE,,,Ponni Sugars (Erode) Limited
2023-11-20,422.0,436.8500061035156,421.8500061035156,428.7999877929688,422.0999755859375,44748,PONNIERODE,,,Ponni Sugars (Erode) Limited
2023-11-21,429.0,435.0,427.1499938964844,429.2000122070313,422.4937744140625,25313,PONNIERODE,,,Ponni Sugars (Erode) Limited
2023-11-22,430.3500061035156,431.3500061035156,422.0,424.6499938964844,418.0148315429688,18978,PONNIERODE,,,Ponni Sugars (Erode) Limited
2023-11-23,426.2999877929688,452.0,422.0499877929688,439.25,432.38671875,185012,PONNIERODE,,,Ponni Sugars (Erode) Limited
2023-11-24,439.25,448.0499877929688,425.0,426.0,419.34375,54718,PONNIERODE,,,Ponni Sugars (Erode) Limited
2023-11-28,430.7999877929688,433.8999938964844,421.5,423.0,416.390625,51770,PONNIERODE,,,Ponni Sugars (Erode) Limited
2023-11-29,425.3500061035156,429.7999877929688,421.1000061035156,424.9500122070313,418.3101806640625,42164,PONNIERODE,,,Ponni Sugars (Erode) Limited
2023-11-30,427.8500061035156,433.9500122070313,425.2999877929688,426.75,420.08203125,30848,PONNIERODE,,,Ponni Sugars (Erode) Limited
2023-12-01,428.8500061035156,429.4500122070313,424.4500122070313,425.75,419.09765625,47908,PONNIERODE,,,Ponni Sugars (Erode) Limited
2023-12-04,429.8999938964844,430.5,422.1000061035156,424.3500061035156,417.7195434570313,41062,PONNIERODE,,,Ponni Sugars (Erode) Limited
2023-12-05,428.5499877929688,428.5499877929688,415.6499938964844,419.7999877929688,413.2406005859375,54483,PONNIERODE,,,Ponni Sugars (Erode) Limited
2023-12-06,421.0,427.4500122070313,410.0,412.2999877929688,405.8577880859375,67308,PONNIERODE,,,Ponni Sugars (Erode) Limited
2023-12-07,407.0,412.1499938964844,395.5499877929688,403.0,396.703125,157081,PONNIERODE,,,Ponni Sugars (Erode) Limited
2023-12-08,398.0499877929688,403.0,392.0,394.6499938964844,388.4835815429688,94171,PONNIERODE,,,Ponni Sugars (Erode) Limited
2023-12-11,400.0,407.8500061035156,396.0,405.6499938964844,399.3117065429688,67483,PONNIERODE,,,Ponni Sugars (Erode) Limited
2023-12-12,409.0,410.9500122070313,402.3999938964844,404.1000061035156,397.7859497070313,45503,PONNIERODE,,,Ponni Sugars (Erode) Limited
2023-12-13,408.0,409.9500122070313,400.5499877929688,404.25,397.93359375,27591,PONNIERODE,,,Ponni Sugars (Erode) Limited
2023-12-14,406.0,412.2000122070313,401.0499877929688,406.0,399.65625,47213,PONNIERODE,,,Ponni Sugars (Erode) Limited
2023-12-15,409.0,411.9500122070313,399.2000122070313,400.3500061035156,394.0945434570313,36080,PONNIERODE,,,Ponni Sugars (Erode) Limited
2023-12-18,426.7000122070313,429.0,410.5499877929688,412.75,406.30078125,103435,PONNIERODE,,,Ponni Sugars (Erode) Limited
2023-12-19,417.2000122070313,417.2000122070313,407.8999938964844,409.1499938964844,402.7570190429688,30243,PONNIERODE,,,Ponni Sugars (Erode) Limited
2023-12-20,409.2000122070313,411.6000061035156,398.5499877929688,401.9500122070313,395.6695556640625,43140,PONNIERODE,,,Ponni Sugars (Erode) Limited
2023-12-21,403.0,407.9500122070313,395.0,405.1499938964844,398.8195190429688,41517,PONNIERODE,,,Ponni Sugars (Erode) Limited
2023-12-22,406.3500061035156,408.8999938964844,400.3999938964844,404.8999938964844,398.5734252929688,18788,PONNIERODE,,,Ponni Sugars (Erode) Limited
2023-12-26,404.8999938964844,411.0,404.8999938964844,405.9500122070313,399.6070556640625,27486,PONNIERODE,,,Ponni Sugars (Erode) Limited
2023-12-27,405.25,408.9500122070313,403.2000122070313,404.0499877929688,397.7366943359375,18707,PONNIERODE,,,Ponni Sugars (Erode) Limited
2023-12-28,409.0,409.1000061035156,403.1000061035156,408.2000122070313,401.8218994140625,20905,PONNIERODE,,,Ponni Sugars (Erode) Limited
2023-12-29,413.9500122070313,415.6000061035156,406.5,409.0,402.609375,42534,PONNIERODE,,,Ponni Sugars (Erode) Limited
2024-01-01,411.1000061035156,413.7999877929688,405.0,408.8500061035156,402.4617309570313,15098,PONNIERODE,,,Ponni Sugars (Erode) Limited
2024-01-02,413.0,413.0,403.0,408.8999938964844,402.5109252929688,21754,PONNIERODE,,,Ponni Sugars (Erode) Limited
2024-01-03,411.0,411.0,405.0,406.7999877929688,400.4437255859375,16214,PONNIERODE,,,Ponni Sugars (Erode) Limited
2024-01-04,410.0,410.8999938964844,406.0,407.0499877929688,400.6898193359375,21975,PONNIERODE,,,Ponni Sugars (Erode) Limited
2024-01-05,407.1000061035156,423.8999938964844,407.0499877929688,418.0,411.46875,93630,PONNIERODE,,,Ponni Sugars (Erode) Limited
2024-01-08,421.3500061035156,425.8999938964844,415.25,420.2000122070313,413.6343994140625,65719,PONNIERODE,,,Ponni Sugars (Erode) Limited
2024-01-09,423.0,424.1000061035156,416.5,418.75,412.20703125,60500,PONNIERODE,,,Ponni Sugars (Erode) Limited
2024-01-10,419.0,423.0,408.4500122070313,411.6499938964844,405.2179565429688,32702,PONNIERODE,,,Ponni Sugars (Erode) Limited
2024-01-11,414.2999877929688,422.7999877929688,411.8999938964844,420.1000061035156,413.5359497070313,35479,PONNIERODE,,,Ponni Sugars (Erode) Limited
2024-01-12,422.25,422.3999938964844,412.25,413.7000122070313,407.2359619140625,32686,PONNIERODE,,,Ponni Sugars (Erode) Limited
2024-01-15,419.4500122070313,420.5499877929688,411.0,419.2999877929688,412.7484130859375,19918,PONNIERODE,,,Ponni Sugars (Erode) Limited
2024-01-16,420.0,422.0,412.0,415.7999877929688,409.3031005859375,35225,PONNIERODE,,,Ponni Sugars (Erode) Limited
2024-01-17,416.2000122070313,418.0499877929688,404.5499877929688,406.1000061035156,399.7546997070313,41475,PONNIERODE,,,Ponni Sugars (Erode) Limited
2024-01-18,407.7999877929688,410.9500122070313,400.0,407.25,400.88671875,43438,PONNIERODE,,,Ponni Sugars (Erode) Limited
2024-01-19,412.0,440.2999877929688,407.25,422.2999877929688,415.7015380859375,200531,PONNIERODE,,,Ponni Sugars (Erode) Limited
2024-01-23,427.3999938964844,434.9500122070313,412.0,415.0499877929688,408.5648193359375,81280,PONNIERODE,,,Ponni Sugars (Erode) Limited
2024-01-24,416.4500122070313,423.0499877929688,415.0,419.9500122070313,413.3883056640625,27250,PONNIERODE,,,Ponni Sugars (Erode) Limited
2024-01-25,423.2999877929688,442.0,414.1499938964844,418.0499877929688,411.5179443359375,76082,PONNIERODE,,,Ponni Sugars (Erode) Limited
2024-01-29,423.8500061035156,427.0,415.2000122070313,418.75,412.20703125,28187,PONNIERODE,,,Ponni Sugars (Erode) Limited
2024-01-30,418.7999877929688,425.0,415.1499938964844,416.6000061035156,410.0906372070313,32766,PONNIERODE,,,Ponni Sugars (Erode) Limited
2024-01-31,414.7999877929688,423.9500122070313,414.7999877929688,422.3500061035156,415.7507934570313,26127,PONNIERODE,,,Ponni Sugars (Erode) Limited
2024-02-01,425.0,439.7999877929688,424.6000061035156,435.1499938964844,428.3507690429688,96967,PONNIERODE,,,Ponni Sugars (Erode) Limited
2024-02-02,439.7999877929688,455.1000061035156,433.5499877929688,440.75,433.86328125,163129,PONNIERODE,,,Ponni Sugars (Erode) Limited
2024-02-05,444.9500122070313,467.5,442.2000122070313,453.1000061035156,446.0203247070313,174696,PONNIERODE,,,Ponni Sugars (Erode) Limited
2024-02-06,456.5,465.0,445.0,450.2999877929688,443.2640380859375,67607,PONNIERODE,,,Ponni Sugars (Erode) Limited
2024-02-07,457.0499877929688,487.5,451.2000122070313,469.7999877929688,462.4593505859375,228287,PONNIERODE,,,Ponni Sugars (Erode) Limited
2024-02-08,480.0,486.0,463.0,470.8500061035156,463.4929809570313,107418,PONNIERODE,,,Ponni Sugars (Erode) Limited
2024-02-09,475.0,475.0,447.2999877929688,466.6499938964844,459.3585815429688,88760,PONNIERODE,,,Ponni Sugars (Erode) Limited
2024-02-12,478.5,480.0,428.2000122070313,432.75,425.98828125,99944,PONNIERODE,,,Ponni Sugars (Erode) Limited
2024-02-13,439.5,446.5,426.3999938964844,442.3999938964844,435.4874877929688,64226,PONNIERODE,,,Ponni Sugars (Erode) Limited
2024-02-14,442.0,462.25,440.0499877929688,451.0499877929688,444.0023193359375,47087,PONNIERODE,,,Ponni Sugars (Erode) Limited
2024-02-15,455.2000122070313,472.2999877929688,448.7000122070313,452.8500061035156,445.7742309570313,78250,PONNIERODE,,,Ponni Sugars (Erode) Limited
2024-02-16,456.7000122070313,459.0,445.2999877929688,448.0499877929688,441.0491943359375,29349,PONNIERODE,,,Ponni Sugars (Erode) Limited
2024-02-19,451.8500061035156,458.0,440.5499877929688,444.6000061035156,437.6531372070313,42059,PONNIERODE,,,Ponni Sugars (Erode) Limited
2024-02-20,446.0,475.0,446.0,456.6000061035156,449.4656372070313,135061,PONNIERODE,,,Ponni Sugars (Erode) Limited
2024-02-21,457.0,468.0,450.0,457.75,450.59765625,47891,PONNIERODE,,,Ponni Sugars (Erode) Limited
2024-02-22,464.0,464.0,448.25,450.0,442.96875,51017,PONNIERODE,,,Ponni Sugars (Erode) Limited
2024-02-23,453.75,468.0,445.0,445.8999938964844,438.9328002929688,33409,PONNIERODE,,,Ponni Sugars (Erode) Limited
2024-02-26,446.0499877929688,450.1000061035156,435.0,438.6000061035156,431.7468872070313,27769,PONNIERODE,,,Ponni Sugars (Erode) Limited
2024-02-27,440.0,449.3999938964844,419.5,424.4500122070313,417.8179931640625,58043,PONNIERODE,,,Ponni Sugars (Erode) Limited
2024-02-28,427.6000061035156,435.9500122070313,414.5,416.0,409.5,69751,PONNIERODE,,,Ponni Sugars (Erode) Limited
2024-02-29,418.2999877929688,422.4500122070313,411.3500061035156,412.7000122070313,406.2515869140625,30206,PONNIERODE,,,Ponni Sugars (Erode) Limited
2024-03-01,416.3500061035156,422.3500061035156,411.1499938964844,413.25,406.79296875,27837,PONNIERODE,,,Ponni Sugars (Erode) Limited
2024-03-04,424.0,429.7000122070313,416.75,418.7999877929688,412.2562255859375,30621,PONNIERODE,,,Ponni Sugars (Erode) Limited
2024-03-05,418.2000122070313,422.3999938964844,406.0,407.5,401.1328125,50559,PONNIERODE,,,Ponni Sugars (Erode) Limited
2024-03-06,408.0,410.9500122070313,401.5,409.3500061035156,402.9539184570313,43424,PONNIERODE,,,Ponni Sugars (Erode) Limited
2024-03-07,412.9500122070313,413.9500122070313,405.0,406.1000061035156,399.7546997070313,18509,PONNIERODE,,,Ponni Sugars (Erode) Limited
2024-03-11,407.0,408.7999877929688,396.6499938964844,400.75,394.48828125,30536,PONNIERODE,,,Ponni Sugars (Erode) Limited
2024-03-12,400.5,407.3999938964844,385.0499877929688,387.0,380.953125,45143,PONNIERODE,,,Ponni Sugars (Erode) Limited
2024-03-13,390.7999877929688,392.8999938964844,370.0499877929688,373.5499877929688,367.7132568359375,49721,PONNIERODE,,,Ponni Sugars (Erode) Limited
2024-03-14,367.0499877929688,396.8999938964844,363.25,392.1499938964844,386.0226440429688,32478,PONNIERODE,,,Ponni Sugars (Erode) Limited
2024-03-18,397.0,403.4500122070313,392.1499938964844,400.1000061035156,393.8484497070313,32129,PONNIERODE,,,Ponni Sugars (Erode) Limited
2024-03-19,400.0,402.0,391.9500122070313,393.5499877929688,387.4007568359375,15589,PONNIERODE,,,Ponni Sugars (Erode) Limited
2024-03-20,396.2000122070313,405.7000122070313,390.0,401.9500122070313,395.6695556640625,31314,PONNIERODE,,,Ponni Sugars (Erode) Limited
2024-03-21,420.0,425.0499877929688,409.5,411.9500122070313,405.5133056640625,61101,PONNIERODE,,,Ponni Sugars (Erode) Limited
2024-03-22,415.4500122070313,416.9500122070313,410.1000061035156,412.7000122070313,406.2515869140625,21743,PONNIERODE,,,Ponni Sugars (Erode) Limited
2024-03-26,415.7000122070313,417.6499938964844,411.0,412.0499877929688,405.6116943359375,23989,PONNIERODE,,,Ponni Sugars (Erode) Limited
2024-03-27,409.0,414.0,403.6000061035156,407.25,400.88671875,21281,PONNIERODE,,,Ponni Sugars (Erode) Limited
2024-03-28,409.9500122070313,412.9500122070313,398.1000061035156,402.0499877929688,395.7679443359375,24437,PONNIERODE,,,Ponni Sugars (Erode) Limited
2024-04-01,404.8500061035156,416.8999938964844,403.3999938964844,413.5499877929688,407.0882568359375,22968,PONNIERODE,,,Ponni Sugars (Erode) Limited
2024-04-02,415.5,423.9500122070313,415.5,420.1499938964844,413.5851440429688,26636,PONNIERODE,,,Ponni Sugars (Erode) Limited
2024-04-03,420.1499938964844,426.4500122070313,417.4500122070313,423.8500061035156,417.2273559570313,18869,PONNIERODE,,,Ponni Sugars (Erode) Limited
2024-04-04,432.2000122070313,440.7000122070313,422.5,426.0,419.34375,16762,PONNIERODE,,,Ponni Sugars (Erode) Limited
2024-04-05,425.7000122070313,427.4500122070313,420.0,421.1499938964844,414.5695190429688,13757,PONNIERODE,,,Ponni Sugars (Erode) Limited
2024-04-08,421.1499938964844,422.7000122070313,416.8500061035156,417.7999877929688,411.2718505859375,19073,PONNIERODE,,,Ponni Sugars (Erode) Limited
2024-04-09,424.7999877929688,424.7999877929688,415.0,419.7999877929688,413.2406005859375,24788,PONNIERODE,,,Ponni Sugars (Erode) Limited
2024-04-10,427.8500061035156,429.3500061035156,420.0,422.6000061035156,415.9968872070313,17956,PONNIERODE,,,Ponni Sugars (Erode) Limited
2024-04-12,425.9500122070313,425.9500122070313,415.5499877929688,417.3500061035156,410.8289184570313,16547,PONNIERODE,,,Ponni Sugars (Erode) Limited
2024-04-15,417.0499877929688,423.9500122070313,399.0,413.7999877929688,407.3343505859375,33428,PONNIERODE,,,Ponni Sugars (Erode) Limited
2024-04-16,411.7000122070313,417.7999877929688,408.8500061035156,411.6499938964844,405.2179565429688,10883,PONNIERODE,,,Ponni Sugars (Erode) Limited
2024-04-18,411.6499938964844,418.9500122070313,411.1000061035156,416.0,409.5,14452,PONNIERODE,,,Ponni Sugars (Erode) Limited
2024-04-19,414.9500122070313,422.7999877929688,407.5499877929688,420.7000122070313,414.1265869140625,15062,PONNIERODE,,,Ponni Sugars (Erode) Limited
2024-04-22,419.1000061035156,455.4500122070313,419.1000061035156,439.5499877929688,432.6820068359375,130333,PONNIERODE,,,Ponni Sugars (Erode) Limited
2024-04-23,444.8999938964844,449.8999938964844,435.0,439.8500061035156,432.9773559570313,27142,PONNIERODE,,,Ponni Sugars (Erode) Limited
2024-04-24,436.1499938964844,445.0,430.0,431.8500061035156,425.1023559570313,18930,PONNIERODE,,,Ponni Sugars (Erode) Limited
2024-04-25,438.0,438.9500122070313,430.5,433.4500122070313,426.6773681640625,18364,PONNIERODE,,,Ponni Sugars (Erode) Limited
2024-04-26,438.9500122070313,490.25,428.25,441.25,434.35546875,293517,PONNIERODE,,,Ponni Sugars (Erode) Limited
2024-04-29,442.5,457.1499938964844,442.5,449.25,442.23046875,81844,PONNIERODE,,,Ponni Sugars (Erode) Limited
2024-04-30,452.7999877929688,455.0,440.25,442.6499938964844,435.7335815429688,41318,PONNIERODE,,,Ponni Sugars (Erode) Limited
2024-05-02,446.0,455.6499938964844,436.6499938964844,450.0499877929688,443.0179443359375,45832,PONNIERODE,,,Ponni Sugars (Erode) Limited
2024-05-03,454.6000061035156,454.6000061035156,437.8999938964844,440.4500122070313,433.5679931640625,27109,PONNIERODE,,,Ponni Sugars (Erode) Limited
2024-05-06,441.0,444.5499877929688,429.2000122070313,432.3999938964844,425.6437377929688,41329,PONNIERODE,,,Ponni Sugars (Erode) Limited
2024-05-07,430.0,433.8999938964844,419.9500122070313,423.2000122070313,416.5875244140625,28274,PONNIERODE,,,Ponni Sugars (Erode) Limited
2024-05-08,422.9500122070313,429.9500122070313,421.3999938964844,427.6499938964844,420.9679565429688,10608,PONNIERODE,,,Ponni Sugars (Erode) Limited
2024-05-09,430.0,430.8999938964844,412.3999938964844,415.3999938964844,408.9093627929688,16977,PONNIERODE,,,Ponni Sugars (Erode) Limited
2024-05-10,416.4500122070313,418.6499938964844,410.0,412.3999938964844,405.9562377929688,19326,PONNIERODE,,,Ponni Sugars (Erode) Limited
2024-05-13,412.3999938964844,414.9500122070313,400.0,410.75,404.33203125,23616,PONNIERODE,,,Ponni Sugars (Erode) Limited
2024-05-14,414.9500122070313,429.0,403.0499877929688,423.4500122070313,416.8336181640625,13866,PONNIERODE,,,Ponni Sugars (Erode) Limited
2024-05-15,424.5,430.8999938964844,423.9500122070313,428.6499938964844,421.9523315429688,19998,PONNIERODE,,,Ponni Sugars (Erode) Limited
2024-05-16,425.8500061035156,432.0,421.1499938964844,427.25,420.57421875,13013,PONNIERODE,,,Ponni Sugars (Erode) Limited
2024-05-17,427.6499938964844,454.7000122070313,420.0,449.1499938964844,442.1320190429688,216575,PONNIERODE,,,Ponni Sugars (Erode) Limited
2024-05-21,457.0,457.0,445.2999877929688,448.0,441.0,33862,PONNIERODE,,,Ponni Sugars (Erode) Limited
2024-05-22,442.8999938964844,443.0,436.2000122070313,437.6499938964844,437.6499938964844,24610,PONNIERODE,,,Ponni Sugars (Erode) Limited
2024-05-23,438.75,438.75,432.0499877929688,436.3500061035156,436.3500061035156,13751,PONNIERODE,,,Ponni Sugars (Erode) Limited
2024-05-24,441.8999938964844,441.8999938964844,427.0,428.1000061035156,428.1000061035156,21504,PONNIERODE,,,Ponni Sugars (Erode) Limited
2024-05-27,430.3500061035156,430.3500061035156,421.1000061035156,426.0499877929688,426.0499877929688,14826,PONNIERODE,,,Ponni Sugars (Erode) Limited
2024-05-28,429.3999938964844,434.6000061035156,422.2999877929688,428.8999938964844,428.8999938964844,15047,PONNIERODE,,,Ponni Sugars (Erode) Limited
2024-05-29,430.6000061035156,431.3999938964844,422.3999938964844,427.5499877929688,,10196,,0.0,0.0,Ponni Sugars (Erode) Limited
2024-05-30,428.0,433.7000122070313,418.1000061035156,422.1000061035156,,13949,,0.0,0.0,Ponni Sugars (Erode) Limited
2024-05-31,422.0,424.1499938964844,415.6000061035156,419.25,,11760,,0.0,0.0,Ponni Sugars (Erode) Limited
2024-06-03,429.0,435.0,421.0,427.75,,26442,,0.0,0.0,Ponni Sugars (Erode) Limited
2024-06-04,427.8500061035156,427.8500061035156,386.0,405.8500061035156,,52730,,0.0,0.0,Ponni Sugars (Erode) Limited
2024-06-05,406.0,423.0,402.1499938964844,418.25,,25116,,0.0,0.0,Ponni Sugars (Erode) Limited
2024-06-06,418.7000122070313,428.0,416.7999877929688,418.6000061035156,,22078,,0.0,0.0,Ponni Sugars (Erode) Limited
2024-06-07,426.8500061035156,452.9500122070313,426.8500061035156,437.3500061035156,,101860,,0.0,0.0,Ponni Sugars (Erode) Limited
2024-06-10,445.0,454.9500122070313,440.1000061035156,446.9500122070313,,69620,,0.0,0.0,Ponni Sugars (Erode) Limited
2024-06-11,448.0,468.0,442.5,465.75,,485668,,0.0,0.0,Ponni Sugars (Erode) Limited
2024-06-12,468.0499877929688,472.4500122070313,462.8500061035156,465.3999938964844,,130650,,0.0,0.0,Ponni Sugars (Erode) Limited
2024-06-13,469.8999938964844,501.7999877929688,465.6499938964844,489.1000061035156,,779631,,0.0,0.0,Ponni Sugars (Erode) Limited
2024-06-14,497.0,518.0,492.1000061035156,496.0499877929688,,329533,,0.0,0.0,Ponni Sugars (Erode) Limited
2024-06-18,509.0,509.0,478.3500061035156,485.2999877929688,,97875,,0.0,0.0,Ponni Sugars (Erode) Limited
2024-06-19,486.0,504.0,470.3999938964844,492.2000122070313,,318988,,0.0,0.0,Ponni Sugars (Erode) Limited
2024-06-20,493.7999877929688,507.9500122070313,490.0499877929688,495.1000061035156,,185589,,0.0,0.0,Ponni Sugars (Erode) Limited
2024-06-21,499.9500122070313,509.0,486.5,491.0499877929688,,139443,,0.0,0.0,Ponni Sugars (Erode) Limited
2024-06-24,490.8500061035156,499.2000122070313,482.0,484.6000061035156,,83767,,0.0,0.0,Ponni Sugars (Erode) Limited
2024-06-25,493.7000122070313,503.6000061035156,483.3500061035156,495.3999938964844,,94705,,0.0,0.0,Ponni Sugars (Erode) Limited
2024-06-26,495.3999938964844,500.5,478.7999877929688,481.6000061035156,,50688,,0.0,0.0,Ponni Sugars (Erode) Limited
2024-06-27,483.8500061035156,492.0,458.6000061035156,462.1000061035156,,84527,,0.0,0.0,Ponni Sugars (Erode) Limited
2024-06-28,464.7999877929688,487.8999938964844,464.7999877929688,478.4500122070313,,85620,,0.0,0.0,Ponni Sugars (Erode) Limited
2024-07-01,479.3500061035156,487.2000122070313,476.1000061035156,478.75,,36361,,0.0,0.0,Ponni Sugars (Erode) Limited
2024-07-02,484.0,488.0,471.0,483.9500122070313,,60038,,0.0,0.0,Ponni Sugars (Erode) Limited
2024-07-03,487.0,530.0,487.0,519.1500244140625,,572852,,0.0,0.0,Ponni Sugars (Erode) Limited
2024-07-04,539.9500122070312,542.0,524.25,530.1500244140625,,312834,,0.0,0.0,Ponni Sugars (Erode) Limited
2024-07-05,534.0999755859375,537.6500244140625,518.0,522.5,,127455,,0.0,0.0,Ponni Sugars (Erode) Limited
2024-07-08,540.0,541.25,523.5499877929688,529.9500122070312,,96293,,0.0,0.0,Ponni Sugars (Erode) Limited
2024-07-09,533.1500244140625,549.2999877929688,519.0,527.1500244140625,,209303,,0.0,0.0,Ponni Sugars (Erode) Limited
2024-07-10,530.0,536.0,506.7999877929688,516.9000244140625,,87985,,0.0,0.0,Ponni Sugars (Erode) Limited
2024-07-11,520.75,580.0,519.0999755859375,569.0,,390560,,0.0,0.0,Ponni Sugars (Erode) Limited
2024-07-12,570.7000122070312,598.9000244140625,565.0,586.25,,345660,,0.0,0.0,Ponni Sugars (Erode) Limited
2024-07-15,588.0499877929688,596.9000244140625,555.5999755859375,564.4500122070312,,158047,,0.0,0.0,Ponni Sugars (Erode) Limited
2024-07-16,567.7999877929688,587.9500122070312,561.25,569.9500122070312,,105317,,0.0,0.0,Ponni Sugars (Erode) Limited
2024-07-18,575.0,575.0,547.5999755859375,552.7999877929688,,110916,,0.0,0.0,Ponni Sugars (Erode) Limited
2024-07-19,557.4000244140625,559.75,504.7000122070313,514.0,,258608,,0.0,0.0,Ponni Sugars (Erode) Limited
2024-07-22,501.0,519.7000122070312,498.0,509.1499938964844,,102954,,0.0,0.0,Ponni Sugars (Erode) Limited
2024-07-23,509.0,517.7999877929688,475.1000061035156,502.1000061035156,,97551,,0.0,0.0,Ponni Sugars (Erode) Limited
2024-07-24,502.1000061035156,533.6500244140625,501.1000061035156,516.0,,65862,,0.0,0.0,Ponni Sugars (Erode) Limited
2024-07-25,510.0,542.0,510.0,530.0999755859375,,76138,,0.0,0.0,Ponni Sugars (Erode) Limited
2024-07-26,542.5,542.5,517.5999755859375,522.9500122070312,,40356,,0.0,0.0,Ponni Sugars (Erode) Limited
2024-07-29,527.0,554.0,527.0,548.9500122070312,,90501,,0.0,0.0,Ponni Sugars (Erode) Limited
2024-07-30,550.0,570.0,542.25,565.8499755859375,,109882,,0.0,0.0,Ponni Sugars (Erode) Limited
2024-07-31,566.0,573.0499877929688,551.0999755859375,555.5499877929688,,57192,,0.0,0.0,Ponni Sugars (Erode) Limited
2024-08-01,559.0,559.0499877929688,532.5499877929688,542.5999755859375,,53250,,0.0,0.0,Ponni Sugars (Erode) Limited
2024-08-02,533.0,544.4500122070312,531.25,533.5499877929688,,26074,,0.0,0.0,Ponni Sugars (Erode) Limited
2024-08-05,521.7999877929688,527.9500122070312,507.1000061035156,520.5999755859375,,85553,,0.0,0.0,Ponni Sugars (Erode) Limited
2024-08-06,517.2000122070312,530.4500122070312,490.0499877929688,495.8500061035156,,65560,,0.0,0.0,Ponni Sugars (Erode) Limited
2024-08-07,502.0,523.0,498.2000122070313,521.2999877929688,,41341,,0.0,0.0,Ponni Sugars (Erode) Limited
2024-08-08,513.5,523.4000244140625,506.0,507.7000122070313,,19741,,0.0,0.0,Ponni Sugars (Erode) Limited
2024-08-09,512.4000244140625,518.0,499.5,500.8500061035156,,26259,,0.0,0.0,Ponni Sugars (Erode) Limited
2024-08-12,491.0,517.0,491.0,510.0,,37664,,0.0,0.0,Ponni Sugars (Erode) Limited
2024-08-13,513.5999755859375,524.0499877929688,504.8999938964844,511.2000122070313,,56246,,0.0,0.0,Ponni Sugars (Erode) Limited
2024-08-14,515.9500122070312,516.2000122070312,488.7999877929688,502.1000061035156,,36622,,0.0,0.0,Ponni Sugars (Erode) Limited
2024-08-16,510.9500122070313,513.9500122070312,500.0,509.8500061035156,,30892,,0.0,0.0,Ponni Sugars (Erode) Limited
2024-08-19,517.9500122070312,533.75,516.2999877929688,531.0999755859375,,67757,,0.0,0.0,Ponni Sugars (Erode) Limited
2024-08-20,532.4500122070312,544.0,520.2000122070312,540.4500122070312,,49875,,0.0,0.0,Ponni Sugars (Erode) Limited
2024-08-21,542.5499877929688,546.0,524.2999877929688,528.9500122070312,,20766,,0.0,0.0,Ponni Sugars (Erode) Limited
2024-08-22,534.0,545.0,521.4000244140625,522.7000122070312,,37402,,0.0,0.0,Ponni Sugars (Erode) Limited
2024-08-23,525.0,534.0,515.0499877929688,519.7999877929688,,33582,,0.0,0.0,Ponni Sugars (Erode) Limited
2024-08-26,524.0,524.0,505.0,507.0,,27784,,0.0,0.0,Ponni Sugars (Erode) Limited
2024-08-27,502.0,509.8999938964844,502.0,508.1000061035156,,15661,,0.0,0.0,Ponni Sugars (Erode) Limited
2024-08-28,509.5499877929688,522.0,509.0,512.5499877929688,,39522,,0.0,0.0,Ponni Sugars (Erode) Limited
2024-08-29,520.25,520.25,505.0499877929688,510.6000061035156,,39201,,0.0,0.0,Ponni Sugars (Erode) Limited
2024-08-30,561.0,561.0,518.0999755859375,521.4000244140625,,271852,,0.0,0.0,Ponni Sugars (Erode) Limited
2024-09-02,523.4000244140625,524.4000244140625,494.0,495.7999877929688,,88238,,0.0,0.0,Ponni Sugars (Erode) Limited
2024-09-03,495.75,499.5,479.0499877929688,481.4500122070313,,73772,,0.0,0.0,Ponni Sugars (Erode) Limited
2024-09-04,480.1499938964844,494.1499938964844,478.0499877929688,485.2999877929688,,60504,,0.0,0.0,Ponni Sugars (Erode) Limited
2024-09-05,488.9500122070313,492.4500122070313,483.1000061035156,484.8999938964844,,35142,,0.0,0.0,Ponni Sugars (Erode) Limited
2024-09-06,484.8999938964844,485.3500061035156,459.8500061035156,468.7000122070313,,84012,,0.0,0.0,Ponni Sugars (Erode) Limited
2024-09-09,469.3999938964844,474.7999877929688,459.0499877929688,467.6499938964844,,32911,,0.0,0.0,Ponni Sugars (Erode) Limited
2024-09-10,473.2000122070313,487.0,472.25,482.7999877929688,,61076,,0.0,0.0,Ponni Sugars (Erode) Limited
2024-09-11,482.7999877929688,487.0,465.0499877929688,469.9500122070313,,25040,,0.0,0.0,Ponni Sugars (Erode) Limited
2024-09-12,475.5499877929688,480.25,466.0,469.3999938964844,,30979,,0.0,0.0,Ponni Sugars (Erode) Limited
2024-09-13,473.1000061035156,478.7000122070313,467.2999877929688,469.25,,24976,,0.0,0.0,Ponni Sugars (Erode) Limited
2024-09-16,476.0,488.0,476.0,478.1499938964844,,42217,,0.0,0.0,Ponni Sugars (Erode) Limited
2024-09-17,480.0499877929688,481.5,473.75,475.75,,24160,,0.0,0.0,Ponni Sugars (Erode) Limited
2024-09-18,475.75,478.5499877929688,467.5,469.8500061035156,,17615,,0.0,0.0,Ponni Sugars (Erode) Limited
2024-09-19,473.0,480.2999877929688,451.0499877929688,455.6499938964844,,34305,,0.0,0.0,Ponni Sugars (Erode) Limited
2024-09-20,457.6499938964844,475.3999938964844,457.25,473.25,,40720,,0.0,0.0,Ponni Sugars (Erode) Limited
2024-09-23,477.0,479.7999877929688,468.5,470.6000061035156,,28483,,0.0,0.0,Ponni Sugars (Erode) Limited
2024-09-24,471.2000122070313,477.9500122070313,467.5499877929688,475.7000122070313,,19521,,0.0,0.0,Ponni Sugars (Erode) Limited
2024-09-25,475.7000122070313,499.0,471.1000061035156,494.6000061035156,,151165,,0.0,0.0,Ponni Sugars (Erode) Limited
2024-09-26,494.0,495.0499877929688,478.4500122070313,481.5499877929688,,31857,,0.0,0.0,Ponni Sugars (Erode) Limited
2024-09-27,499.0,513.4500122070312,492.1000061035156,497.5,,178067,,0.0,0.0,Ponni Sugars (Erode) Limited
2024-09-30,510.0,510.0,489.1000061035156,499.25,,44798,,0.0,0.0,Ponni Sugars (Erode) Limited
2024-10-01,494.25,513.4000244140625,494.25,505.7000122070313,,67021,,0.0,0.0,Ponni Sugars (Erode) Limited
2024-10-03,498.0,509.25,487.0,493.3500061035156,,28498,,0.0,0.0,Ponni Sugars (Erode) Limited
2024-10-04,499.8999938964844,502.0,482.0,484.0,,18678,,0.0,0.0,Ponni Sugars (Erode) Limited
2024-10-07,485.0,492.7999877929688,457.8999938964844,462.0499877929688,,30958,,0.0,0.0,Ponni Sugars (Erode) Limited
2024-10-08,458.5,478.0,458.5,474.25,,16136,,0.0,0.0,Ponni Sugars (Erode) Limited
2024-10-09,471.6000061035156,481.9500122070313,471.1499938964844,472.5,,14815,,0.0,0.0,Ponni Sugars (Erode) Limited
2024-10-10,475.3999938964844,477.8500061035156,470.25,474.8500061035156,,10493,,0.0,0.0,Ponni Sugars (Erode) Limited
2024-10-11,474.6499938964844,481.5,470.4500122070313,472.9500122070313,,8700,,0.0,0.0,Ponni Sugars (Erode) Limited
2024-10-14,476.0,477.8999938964844,467.75,469.75,,14809,,0.0,0.0,Ponni Sugars (Erode) Limited
2024-10-15,470.0,479.9500122070313,469.2000122070313,470.1499938964844,,15190,,0.0,0.0,Ponni Sugars (Erode) Limited
2024-10-16,470.5,476.8999938964844,465.0,470.3500061035156,,20888,,0.0,0.0,Ponni Sugars (Erode) Limited
2024-10-17,475.0,480.1000061035156,464.1000061035156,465.2999877929688,,15449,,0.0,0.0,Ponni Sugars (Erode) Limited
2024-10-18,468.5,474.2000122070313,453.2999877929688,460.6499938964844,,21377,,0.0,0.0,Ponni Sugars (Erode) Limited
2024-10-21,468.0,468.4500122070313,430.5499877929688,445.5499877929688,,70088,,0.0,0.0,Ponni Sugars (Erode) Limited
2024-10-22,440.2999877929688,451.9500122070313,419.6000061035156,429.75,,35292,,0.0,0.0,Ponni Sugars (Erode) Limited
2024-10-23,437.9500122070313,439.1000061035156,420.0,434.5,,30316,,0.0,0.0,Ponni Sugars (Erode) Limited
2024-10-24,438.3999938964844,444.0,428.1000061035156,439.1000061035156,,22801,,0.0,0.0,Ponni Sugars (Erode) Limited
2024-10-25,441.8500061035156,444.0,420.1000061035156,431.2000122070313,,37187,,0.0,0.0,Ponni Sugars (Erode) Limited
2024-10-28,441.0,442.5,428.4500122070313,437.1499938964844,,16590,,0.0,0.0,Ponni Sugars (Erode) Limited
2024-10-29,431.1499938964844,450.0,431.1499938964844,445.5499877929688,,14651,,0.0,0.0,Ponni Sugars (Erode) Limited
2024-10-30,445.5499877929688,459.0,441.0,455.5499877929688,,10426,,0.0,0.0,Ponni Sugars (Erode) Limited
2024-10-31,458.0,459.8999938964844,442.1499938964844,445.6000061035156,,13566,,0.0,0.0,Ponni Sugars (Erode) Limited
2024-11-01,444.3999938964844,450.8999938964844,444.3999938964844,446.4500122070313,,5829,,0.0,0.0,Ponni Sugars (Erode) Limited
2024-11-04,443.2999877929688,448.1499938964844,431.4500122070313,434.2999877929688,,8097,,0.0,0.0,Ponni Sugars (Erode) Limited
2024-11-05,434.2999877929688,442.7000122070313,434.0499877929688,439.6000061035156,,11094,,0.0,0.0,Ponni Sugars (Erode) Limited
2024-11-06,445.75,446.7000122070313,440.6000061035156,443.6499938964844,,10903,,0.0,0.0,Ponni Sugars (Erode) Limited
2024-11-07,447.3500061035156,447.4500122070313,426.0,429.0499877929688,,44217,,0.0,0.0,Ponni Sugars (Erode) Limited
2024-11-08,430.0,439.8999938964844,423.0,431.7000122070313,,41673,,0.0,0.0,Ponni Sugars (Erode) Limited
2024-11-11,431.7000122070313,431.7000122070313,423.1499938964844,427.2000122070313,,19728,,0.0,0.0,Ponni Sugars (Erode) Limited
2024-11-12,428.4500122070313,434.0,414.9500122070313,416.6499938964844,,21154,,0.0,0.0,Ponni Sugars (Erode) Limited
2024-11-13,421.75,421.75,402.0,403.4500122070313,,16349,,0.0,0.0,Ponni Sugars (Erode) Limited
2024-11-14,403.5,412.2000122070313,401.3999938964844,405.2000122070313,,12407,,0.0,0.0,Ponni Sugars (Erode) Limited
2024-11-18,399.1000061035156,408.2000122070313,399.1000061035156,404.8999938964844,,15493,,0.0,0.0,Ponni Sugars (Erode) Limited
2024-11-19,406.0499877929688,418.4500122070313,403.0,404.8500061035156,,12539,,0.0,0.0,Ponni Sugars (Erode) Limited
2024-11-21,405.0,406.2000122070313,395.0,396.1000061035156,,14764,,0.0,0.0,Ponni Sugars (Erode) Limited
2024-11-22,399.8999938964844,403.25,396.0,399.25,,20721,,0.0,0.0,Ponni Sugars (Erode) Limited
2024-11-25,403.0499877929688,408.7999877929688,403.0,406.8999938964844,,14950,,0.0,0.0,Ponni Sugars (Erode) Limited
2024-11-26,405.75,428.3999938964844,405.75,415.5,,37560,,0.0,0.0,Ponni Sugars (Erode) Limited
2024-11-27,416.1499938964844,423.0499877929688,415.5499877929688,418.5499877929688,,15567,,0.0,0.0,Ponni Sugars (Erode) Limited
2024-11-28,422.75,428.0,414.1000061035156,417.25,,28953,,0.0,0.0,Ponni Sugars (Erode) Limited
2024-11-29,419.1000061035156,431.0,414.0499877929688,421.1499938964844,,33503,,0.0,0.0,Ponni Sugars (Erode) Limited
2024-12-02,421.1499938964844,425.0,414.2000122070313,420.3999938964844,,13590,,0.0,0.0,Ponni Sugars (Erode) Limited
2024-12-03,422.6000061035156,429.8999938964844,421.7999877929688,427.5499877929688,,15046,,0.0,0.0,Ponni Sugars (Erode) Limited
2024-12-04,428.3500061035156,436.9500122070313,427.0,432.75,,17329,,0.0,0.0,Ponni Sugars (Erode) Limited
2024-12-05,437.0,447.8999938964844,420.8999938964844,429.3999938964844,,58833,,0.0,0.0,Ponni Sugars (Erode) Limited
2024-12-06,432.3999938964844,434.8999938964844,427.25,429.7000122070313,,11376,,0.0,0.0,Ponni Sugars (Erode) Limited
2024-12-09,427.5499877929688,432.6000061035156,426.3500061035156,430.1000061035156,,13041,,0.0,0.0,Ponni Sugars (Erode) Limited
2024-12-10,434.75,434.75,419.5,421.0499877929688,,44021,,0.0,0.0,Ponni Sugars (Erode) Limited
2024-12-11,421.7999877929688,432.6000061035156,414.6499938964844,417.5499877929688,,55975,,0.0,0.0,Ponni Sugars (Erode) Limited
2024-12-12,417.0499877929688,423.5,417.0,419.5499877929688,,23550,,0.0,0.0,Ponni Sugars (Erode) Limited
2024-12-13,418.2000122070313,421.0,414.1000061035156,418.4500122070313,,11444,,0.0,0.0,Ponni Sugars (Erode) Limited
2024-12-16,418.4500122070313,423.75,418.3999938964844,420.8999938964844,,8429,,0.0,0.0,Ponni Sugars (Erode) Limited
2024-12-17,421.9500122070313,428.0499877929688,418.75,425.6499938964844,,29676,,0.0,0.0,Ponni Sugars (Erode) Limited
2024-12-18,427.0499877929688,427.0499877929688,413.0,414.75,,23117,,0.0,0.0,Ponni Sugars (Erode) Limited
2024-12-19,413.6000061035156,431.4500122070313,405.5,424.6000061035156,,27457,,0.0,0.0,Ponni Sugars (Erode) Limited
2024-12-20,424.6000061035156,437.3999938964844,412.0,414.7999877929688,,30992,,0.0,0.0,Ponni Sugars (Erode) Limited
2024-12-23,414.7999877929688,422.8999938964844,409.0499877929688,410.5499877929688,,11236,,0.0,0.0,Ponni Sugars (Erode) Limited
2024-12-24,410.5499877929688,417.75,410.5499877929688,411.7999877929688,,5502,PONNIERODE,0.0,0.0,Ponni Sugars (Erode) Limited
2024-12-26,407.0,413.0,407.0,412.25,,3781,PONNIERODE,0.0,0.0,Ponni Sugars (Erode) Limited
